Since the F10.7 (3-month avg) of the requested date is not yet available, the value of F10.7 (daily) is used instead as the value of F10.7 (3-monthavg).
Year Mon Day DOY hour Heit(km) Lat  Lon Oden(cm-3) N2den(cm-3) O2den(cm-3) air(gm/cm3) T(K) exoT(K) Heden(cm-3)Arden(cm-3) Hden(cm-3) Nden(cm-3) F107 F107a apdaily  ap0-3 ap3-6 ap6-9 ap9-12 ap12-33 ap33-59
2024  9 21 265 12.00    0.0   32.7  242.8  9.999E-38  1.926E+19  5.164E+18 1.186E-03  294.5   937  1.283E+14  2.302E+17  9.999E-38  9.999E-38  153.9  153.9    5.1    4.0    5.0    7.0    7.0    6.1   14.6
2024  9 21 265 12.00    2.0   32.7  242.8  9.999E-38  1.569E+19  4.207E+18 9.658E-04  285.7   937  1.045E+14  1.875E+17  9.999E-38  9.999E-38  153.9  153.9    5.1    4.0    5.0    7.0    7.0    6.1   14.6
2024  9 21 265 12.00    4.0   32.7  242.8  9.999E-38  1.272E+19  3.410E+18 7.827E-04  276.6   937  8.468E+13  1.520E+17  9.999E-38  9.999E-38  153.9  153.9    5.1    4.0    5.0    7.0    7.0    6.1   14.6
2024  9 21 265 12.00    6.0   32.7  242.8  9.999E-38  1.032E+19  2.767E+18 6.352E-04  265.1   937  6.872E+13  1.233E+17  9.999E-38  9.999E-38  153.9  153.9    5.1    4.0    5.0    7.0    7.0    6.1   14.6
2024  9 21 265 12.00    8.0   32.7  242.8  9.999E-38  8.372E+18  2.245E+18 5.154E-04  250.9   937  5.575E+13  1.001E+17  9.999E-38  9.999E-38  153.9  153.9    5.1    4.0    5.0    7.0    7.0    6.1   14.6
2024  9 21 265 12.00   10.0   32.7  242.8  9.999E-38  6.742E+18  1.808E+18 4.150E-04  235.5   937  4.490E+13  8.058E+16  9.999E-38  9.999E-38  153.9  153.9    5.1    4.0    5.0    7.0    7.0    6.1   14.6
2024  9 21 265 12.00   12.0   32.7  242.8  9.999E-38  5.340E+18  1.432E+18 3.287E-04  220.6   937  3.556E+13  6.382E+16  9.999E-38  9.999E-38  153.9  153.9    5.1    4.0    5.0    7.0    7.0    6.1   14.6
2024  9 21 265 12.00   14.0   32.7  242.8  9.999E-38  4.095E+18  1.098E+18 2.521E-04  209.6   937  2.727E+13  4.894E+16  9.999E-38  9.999E-38  153.9  153.9    5.1    4.0    5.0    7.0    7.0    6.1   14.6
2024  9 21 265 12.00   16.0   32.7  242.8  9.999E-38  3.013E+18  8.079E+17 1.855E-04  205.1   937  2.006E+13  3.600E+16  9.999E-38  9.999E-38  153.9  153.9    5.1    4.0    5.0    7.0    7.0    6.1   14.6
2024  9 21 265 12.00   18.0   32.7  242.8  9.999E-38  2.149E+18  5.763E+17 1.323E-04  206.6   937  1.431E+13  2.569E+16  9.999E-38  9.999E-38  153.9  153.9    5.1    4.0    5.0    7.0    7.0    6.1   14.6
2024  9 21 265 12.00   20.0   32.7  242.8  9.999E-38  1.522E+18  4.082E+17 9.370E-05  210.8   937  1.014E+13  1.819E+16  9.999E-38  9.999E-38  153.9  153.9    5.1    4.0    5.0    7.0    7.0    6.1   14.6
2024  9 21 265 12.00   22.0   32.7  242.8  9.999E-38  1.087E+18  2.915E+17 6.692E-05  214.6   937  7.240E+12  1.299E+16  9.999E-38  9.999E-38  153.9  153.9    5.1    4.0    5.0    7.0    7.0    6.1   14.6
2024  9 21 265 12.00   24.0   32.7  242.8  9.999E-38  7.835E+17  2.101E+17 4.823E-05  217.7   937  5.217E+12  9.363E+15  9.999E-38  9.999E-38  153.9  153.9    5.1    4.0    5.0    7.0    7.0    6.1   14.6
2024  9 21 265 12.00   26.0   32.7  242.8  9.999E-38  5.680E+17  1.523E+17 3.496E-05  220.4   937  3.782E+12  6.788E+15  9.999E-38  9.999E-38  153.9  153.9    5.1    4.0    5.0    7.0    7.0    6.1   14.6
2024  9 21 265 12.00   28.0   32.7  242.8  9.999E-38  4.135E+17  1.109E+17 2.545E-05  223.1   937  2.754E+12  4.941E+15  9.999E-38  9.999E-38  153.9  153.9    5.1    4.0    5.0    7.0    7.0    6.1   14.6
2024  9 21 265 12.00   30.0   32.7  242.8  9.999E-38  3.021E+17  8.101E+16 1.860E-05  225.9   937  2.012E+12  3.610E+15  9.999E-38  9.999E-38  153.9  153.9    5.1    4.0    5.0    7.0    7.0    6.1   14.6
2024  9 21 265 12.00   32.0   32.7  242.8  9.999E-38  2.215E+17  5.938E+16 1.363E-05  229.0   937  1.475E+12  2.647E+15  9.999E-38  9.999E-38  153.9  153.9    5.1    4.0    5.0    7.0    7.0    6.1   14.6
2024  9 21 265 12.00   34.0   32.7  242.8  9.999E-38  1.628E+17  4.367E+16 1.002E-05  232.4   937  1.084E+12  1.946E+15  9.999E-38  9.999E-38  153.9  153.9    5.1    4.0    5.0    7.0    7.0    6.1   14.6
2024  9 21 265 12.00   36.0   32.7  242.8  9.999E-38  1.201E+17  3.220E+16 7.393E-06  236.2   937  7.998E+11  1.435E+15  9.999E-38  9.999E-38  153.9  153.9    5.1    4.0    5.0    7.0    7.0    6.1   14.6
2024  9 21 265 12.00   38.0   32.7  242.8  9.999E-38  8.888E+16  2.383E+16 5.471E-06  240.4   937  5.919E+11  1.062E+15  9.999E-38  9.999E-38  153.9  153.9    5.1    4.0    5.0    7.0    7.0    6.1   14.6
2024  9 21 265 12.00   40.0   32.7  242.8  9.999E-38  6.606E+16  1.771E+16 4.067E-06  245.0   937  4.399E+11  7.895E+14  9.999E-38  9.999E-38  153.9  153.9    5.1    4.0    5.0    7.0    7.0    6.1   14.6
2024  9 21 265 12.00   42.0   32.7  242.8  9.999E-38  4.937E+16  1.324E+16 3.039E-06  249.7   937  3.288E+11  5.900E+14  9.999E-38  9.999E-38  153.9  153.9    5.1    4.0    5.0    7.0    7.0    6.1   14.6
2024  9 21 265 12.00   44.0   32.7  242.8  9.999E-38  3.716E+16  9.964E+15 2.287E-06  253.9   937  2.475E+11  4.441E+14  9.999E-38  9.999E-38  153.9  153.9    5.1    4.0    5.0    7.0    7.0    6.1   14.6
2024  9 21 265 12.00   46.0   32.7  242.8  9.999E-38  2.822E+16  7.567E+15 1.737E-06  257.0   937  1.879E+11  3.373E+14  9.999E-38  9.999E-38  153.9  153.9    5.1    4.0    5.0    7.0    7.0    6.1   14.6
2024  9 21 265 12.00   48.0   32.7  242.8  9.999E-38  2.163E+16  5.801E+15 1.332E-06  258.2   937  1.441E+11  2.586E+14  9.999E-38  9.999E-38  153.9  153.9    5.1    4.0    5.0    7.0    7.0    6.1   14.6
2024  9 21 265 12.00   50.0   32.7  242.8  9.999E-38  1.672E+16  4.484E+15 1.029E-06  257.4   937  1.114E+11  1.999E+14  9.999E-38  9.999E-38  153.9  153.9    5.1    4.0    5.0    7.0    7.0    6.1   14.6
2024  9 21 265 12.00   52.0   32.7  242.8  6.161E+07  1.301E+16  3.488E+15 8.007E-07  254.6   937  8.662E+10  1.555E+14  9.999E-38  9.999E-38  153.9  153.9    5.1    4.0    5.0    7.0    7.0    6.1   14.6
2024  9 21 265 12.00   54.0   32.7  242.8  5.266E+07  1.014E+16  2.718E+15 6.239E-07  250.6   937  6.750E+10  1.211E+14  9.999E-38  9.999E-38  153.9  153.9    5.1    4.0    5.0    7.0    7.0    6.1   14.6
2024  9 21 265 12.00   56.0   32.7  242.8  4.647E+07  7.873E+15  2.111E+15 4.847E-07  246.2   937  5.243E+10  9.410E+13  9.999E-38  9.999E-38  153.9  153.9    5.1    4.0    5.0    7.0    7.0    6.1   14.6
2024  9 21 265 12.00   58.0   32.7  242.8  4.345E+07  6.083E+15  1.631E+15 3.745E-07  242.1   937  4.051E+10  7.270E+13  9.999E-38  9.999E-38  153.9  153.9    5.1    4.0    5.0    7.0    7.0    6.1   14.6
2024  9 21 265 12.00   60.0   32.7  242.8  4.263E+07  4.680E+15  1.255E+15 2.881E-07  238.1   937  3.117E+10  5.593E+13  9.999E-38  9.999E-38  153.9  153.9    5.1    4.0    5.0    7.0    7.0    6.1   14.6
2024  9 21 265 12.00   62.0   32.7  242.8  4.341E+07  3.588E+15  9.621E+14 2.209E-07  233.9   937  2.389E+10  4.288E+13  9.999E-38  9.999E-38  153.9  153.9    5.1    4.0    5.0    7.0    7.0    6.1   14.6
2024  9 21 265 12.00   64.0   32.7  242.8  4.684E+07  2.741E+15  7.351E+14 1.688E-07  229.3   937  1.826E+10  3.276E+13  9.999E-38  9.999E-38  153.9  153.9    5.1    4.0    5.0    7.0    7.0    6.1   14.6
2024  9 21 265 12.00   66.0   32.7  242.8  5.579E+07  2.087E+15  5.596E+14 1.285E-07  224.3   937  1.390E+10  2.494E+13  9.999E-38  9.999E-38  153.9  153.9    5.1    4.0    5.0    7.0    7.0    6.1   14.6
2024  9 21 265 12.00   68.0   32.7  242.8  7.474E+07  1.581E+15  4.239E+14 9.730E-08  219.0   937  1.053E+10  1.889E+13  9.999E-38  9.999E-38  153.9  153.9    5.1    4.0    5.0    7.0    7.0    6.1   14.6
2024  9 21 265 12.00   70.0   32.7  242.8  1.080E+08  1.189E+15  3.187E+14 7.317E-08  213.9   937  7.915E+09  1.420E+13  9.999E-38  9.999E-38  153.9  153.9    5.1    4.0    5.0    7.0    7.0    6.1   14.6
2024  9 21 265 12.00   72.0   32.7  242.8  1.602E+08  8.857E+14  2.375E+14 5.452E-08  209.4   937  5.898E+09  1.059E+13  9.999E-38  9.999E-38  153.9  153.9    5.1    4.0    5.0    7.0    7.0    6.1   14.6
2024  9 21 265 12.00   74.0   32.7  242.8  2.469E+08  6.556E+14  1.758E+14 4.036E-08  205.0   937  4.366E+09  7.835E+12  9.999E-38  9.999E-38  153.9  153.9    5.1    4.0    5.0    7.0    7.0    6.1   14.6
2024  9 21 265 12.00   76.0   32.7  242.8  4.210E+08  4.837E+14  1.297E+14 2.978E-08  200.0   937  3.221E+09  5.781E+12  8.689E+06  9.999E-38  153.9  153.9    5.1    4.0    5.0    7.0    7.0    6.1   14.6
2024  9 21 265 12.00   78.0   32.7  242.8  8.493E+08  3.555E+14  9.533E+13 2.188E-08  194.0   937  2.376E+09  4.248E+12  6.644E+07  9.999E-38  153.9  153.9    5.1    4.0    5.0    7.0    7.0    6.1   14.6
2024  9 21 265 12.00   80.0   32.7  242.8  2.192E+09  2.571E+14  6.894E+13 1.583E-08  189.5   937  1.736E+09  3.072E+12  1.630E+08  9.999E-38  153.9  153.9    5.1    4.0    5.0    7.0    7.0    6.1   14.6
2024  9 21 265 12.00   82.0   32.7  242.8  7.789E+09  1.814E+14  4.864E+13 1.117E-08  188.8   937  1.247E+09  2.168E+12  2.196E+08  9.999E-38  153.9  153.9    5.1    4.0    5.0    7.0    7.0    6.1   14.6
2024  9 21 265 12.00   84.0   32.7  242.8  3.260E+10  1.259E+14  3.375E+13 7.749E-09  191.8   937  8.869E+08  1.504E+12  2.169E+08  9.999E-38  153.9  153.9    5.1    4.0    5.0    7.0    7.0    6.1   14.6
2024  9 21 265 12.00   86.0   32.7  242.8  1.055E+11  8.766E+13  2.350E+13 5.398E-09  195.4   937  6.373E+08  1.047E+12  1.854E+08  9.999E-38  153.9  153.9    5.1    4.0    5.0    7.0    7.0    6.1   14.6
2024  9 21 265 12.00   88.0   32.7  242.8  2.211E+11  6.212E+13  1.662E+13 3.828E-09  196.5   937  4.717E+08  7.397E+11  1.517E+08  9.999E-38  153.9  153.9    5.1    4.0    5.0    7.0    7.0    6.1   14.6
2024  9 21 265 12.00   90.0   32.7  242.8  3.865E+11  4.461E+13  1.190E+13 2.753E-09  195.2   937  3.617E+08  5.273E+11  1.234E+08  9.999E-38  153.9  153.9    5.1    4.0    5.0    7.0    7.0    6.1   14.6
2024  9 21 265 12.00   92.0   32.7  242.8  5.790E+11  3.219E+13  8.535E+12 1.991E-09  192.3   937  2.852E+08  3.760E+11  1.008E+08  2.028E+04  153.9  153.9    5.1    4.0    5.0    7.0    7.0    6.1   14.6
2024  9 21 265 12.00   94.0   32.7  242.8  7.515E+11  2.319E+13  6.090E+12 1.440E-09  189.0   937  2.299E+08  2.661E+11  8.271E+07  2.907E+04  153.9  153.9    5.1    4.0    5.0    7.0    7.0    6.1   14.6
2024  9 21 265 12.00   96.0   32.7  242.8  8.417E+11  1.660E+13  4.293E+12 1.035E-09  186.1   937  1.887E+08  1.855E+11  6.796E+07  3.971E+04  153.9  153.9    5.1    4.0    5.0    7.0    7.0    6.1   14.6
2024  9 21 265 12.00   98.0   32.7  242.8  8.026E+11  1.179E+13  2.978E+12 7.362E-10  184.3   937  1.574E+08  1.263E+11  5.555E+07  5.254E+04  153.9  153.9    5.1    4.0    5.0    7.0    7.0    6.1   14.6
2024  9 21 265 12.00  100.0   32.7  242.8  6.528E+11  8.281E+12  2.029E+12 5.160E-10  184.3   937  1.333E+08  8.391E+10  4.513E+07  6.793E+04  153.9  153.9    5.1    4.0    5.0    7.0    7.0    6.1   14.6
2024  9 21 265 12.00  102.0   32.7  242.8  4.830E+11  5.758E+12  1.359E+12 3.565E-10  186.7   937  1.143E+08  5.442E+10  3.644E+07  8.641E+04  153.9  153.9    5.1    4.0    5.0    7.0    7.0    6.1   14.6
2024  9 21 265 12.00  104.0   32.7  242.8  3.545E+11  3.965E+12  8.953E+11 2.437E-10  192.5   937  9.887E+07  3.454E+10  2.922E+07  1.086E+05  153.9  153.9    5.1    4.0    5.0    7.0    7.0    6.1   14.6
2024  9 21 265 12.00  106.0   32.7  242.8  2.672E+11  2.710E+12  5.825E+11 1.656E-10  202.9   937  8.604E+07  2.161E+10  2.324E+07  1.344E+05  153.9  153.9    5.1    4.0    5.0    7.0    7.0    6.1   14.6
2024  9 21 265 12.00  108.0   32.7  242.8  2.068E+11  1.852E+12  3.776E+11 1.126E-10  218.4   937  7.516E+07  1.348E+10  1.839E+07  1.641E+05  153.9  153.9    5.1    4.0    5.0    7.0    7.0    6.1   14.6
2024  9 21 265 12.00  110.0   32.7  242.8  1.631E+11  1.275E+12  2.461E+11 7.726E-11  239.1   937  6.542E+07  8.469E+09  1.441E+07  1.989E+05  153.9  153.9    5.1    4.0    5.0    7.0    7.0    6.1   14.6
2024  9 21 265 12.00  112.0   32.7  242.8  1.303E+11  8.900E+11  1.625E+11 5.385E-11  265.1   937  5.687E+07  5.405E+09  1.124E+07  2.399E+05  153.9  153.9    5.1    4.0    5.0    7.0    7.0    6.1   14.6
2024  9 21 265 12.00  114.0   32.7  242.8  1.055E+11  6.346E+11  1.096E+11 3.838E-11  295.4   937  4.968E+07  3.532E+09  8.797E+06  2.894E+05  153.9  153.9    5.1    4.0    5.0    7.0    7.0    6.1   14.6
2024  9 21 265 12.00  116.0   32.7  242.8  8.702E+10  4.658E+11  7.614E+10 2.818E-11  327.5   937  4.397E+07  2.383E+09  6.975E+06  3.513E+05  153.9  153.9    5.1    4.0    5.0    7.0    7.0    6.1   14.6
2024  9 21 265 12.00  118.0   32.7  242.8  7.326E+10  3.524E+11  5.456E+10 2.135E-11  359.2   937  3.960E+07  1.661E+09  5.636E+06  4.297E+05  153.9  153.9    5.1    4.0    5.0    7.0    7.0    6.1   14.6
2024  9 21 265 12.00  120.0   32.7  242.8  6.279E+10  2.739E+11  4.021E+10 1.663E-11  389.5   937  3.616E+07  1.193E+09  4.640E+06  5.281E+05  153.9  153.9    5.1    4.0    5.0    7.0    7.0    6.1   14.6
2024  9 21 265 12.00  122.0   32.7  242.8  5.468E+10  2.180E+11  3.039E+10 1.327E-11  417.8   937  3.343E+07  8.792E+08  3.886E+06  6.505E+05  153.9  153.9    5.1    4.0    5.0    7.0    7.0    6.1   14.6
2024  9 21 265 12.00  124.0   32.7  242.8  4.824E+10  1.770E+11  2.345E+10 1.081E-11  443.8   937  3.122E+07  6.622E+08  3.299E+06  8.006E+05  153.9  153.9    5.1    4.0    5.0    7.0    7.0    6.1   14.6
2024  9 21 265 12.00  126.0   32.7  242.8  4.295E+10  1.459E+11  1.841E+10 8.942E-12  468.1   937  2.940E+07  5.079E+08  2.831E+06  9.801E+05  153.9  153.9    5.1    4.0    5.0    7.0    7.0    6.1   14.6
2024  9 21 265 12.00  128.0   32.7  242.8  3.847E+10  1.218E+11  1.465E+10 7.493E-12  491.1   937  2.784E+07  3.953E+08  2.451E+06  1.191E+06  153.9  153.9    5.1    4.0    5.0    7.0    7.0    6.1   14.6
2024  9 21 265 12.00  130.0   32.7  242.8  3.465E+10  1.027E+11  1.180E+10 6.348E-12  513.0   937  2.649E+07  3.116E+08  2.138E+06  1.435E+06  153.9  153.9    5.1    4.0    5.0    7.0    7.0    6.1   14.6
2024  9 21 265 12.00  132.0   32.7  242.8  3.137E+10  8.745E+10  9.605E+09 5.428E-12  533.9   937  2.532E+07  2.484E+08  1.878E+06  1.716E+06  153.9  153.9    5.1    4.0    5.0    7.0    7.0    6.1   14.6
2024  9 21 265 12.00  134.0   32.7  242.8  2.852E+10  7.503E+10  7.890E+09 4.681E-12  553.7   937  2.428E+07  1.999E+08  1.660E+06  2.034E+06  153.9  153.9    5.1    4.0    5.0    7.0    7.0    6.1   14.6
2024  9 21 265 12.00  136.0   32.7  242.8  2.604E+10  6.484E+10  6.535E+09 4.066E-12  572.5   937  2.337E+07  1.623E+08  1.476E+06  2.393E+06  153.9  153.9    5.1    4.0    5.0    7.0    7.0    6.1   14.6
2024  9 21 265 12.00  138.0   32.7  242.8  2.387E+10  5.639E+10  5.454E+09 3.556E-12  590.3   937  2.255E+07  1.328E+08  1.319E+06  2.793E+06  153.9  153.9    5.1    4.0    5.0    7.0    7.0    6.1   14.6
2024  9 21 265 12.00  140.0   32.7  242.8  2.195E+10  4.931E+10  4.583E+09 3.128E-12  607.3   937  2.181E+07  1.094E+08  1.184E+06  3.236E+06  153.9  153.9    5.1    4.0    5.0    7.0    7.0    6.1   14.6
2024  9 21 265 12.00  142.0   32.7  242.8  2.026E+10  4.335E+10  3.875E+09 2.767E-12  623.5   937  2.115E+07  9.072E+07  1.067E+06  3.720E+06  153.9  153.9    5.1    4.0    5.0    7.0    7.0    6.1   14.6
2024  9 21 265 12.00  144.0   32.7  242.8  1.875E+10  3.828E+10  3.296E+09 2.459E-12  638.8   937  2.055E+07  7.568E+07  9.663E+05  4.246E+06  153.9  153.9    5.1    4.0    5.0    7.0    7.0    6.1   14.6
2024  9 21 265 12.00  146.0   32.7  242.8  1.740E+10  3.394E+10  2.819E+09 2.195E-12  653.4   937  2.000E+07  6.350E+07  8.782E+05  4.810E+06  153.9  153.9    5.1    4.0    5.0    7.0    7.0    6.1   14.6
2024  9 21 265 12.00  148.0   32.7  242.8  1.618E+10  3.021E+10  2.422E+09 1.968E-12  667.2   937  1.950E+07  5.355E+07  8.010E+05  5.406E+06  153.9  153.9    5.1    4.0    5.0    7.0    7.0    6.1   14.6
2024  9 21 265 12.00  150.0   32.7  242.8  1.508E+10  2.698E+10  2.091E+09 1.770E-12  680.4   937  1.904E+07  4.538E+07  7.332E+05  6.032E+06  153.9  153.9    5.1    4.0    5.0    7.0    7.0    6.1   14.6
2024  9 21 265 12.00  152.0   32.7  242.8  1.408E+10  2.417E+10  1.813E+09 1.597E-12  693.0   937  1.861E+07  3.863E+07  6.734E+05  6.680E+06  153.9  153.9    5.1    4.0    5.0    7.0    7.0    6.1   14.6
2024  9 21 265 12.00  154.0   32.7  242.8  1.317E+10  2.172E+10  1.578E+09 1.446E-12  704.9   937  1.822E+07  3.301E+07  6.205E+05  7.346E+06  153.9  153.9    5.1    4.0    5.0    7.0    7.0    6.1   14.6
2024  9 21 265 12.00  156.0   32.7  242.8  1.234E+10  1.956E+10  1.378E+09 1.313E-12  716.2   937  1.785E+07  2.832E+07  5.736E+05  8.020E+06  153.9  153.9    5.1    4.0    5.0    7.0    7.0    6.1   14.6
2024  9 21 265 12.00  158.0   32.7  242.8  1.158E+10  1.766E+10  1.209E+09 1.195E-12  726.9   937  1.750E+07  2.439E+07  5.319E+05  8.697E+06  153.9  153.9    5.1    4.0    5.0    7.0    7.0    6.1   14.6
2024  9 21 265 12.00  160.0   32.7  242.8  1.088E+10  1.599E+10  1.063E+09 1.091E-12  737.2   937  1.718E+07  2.107E+07  4.947E+05  9.367E+06  153.9  153.9    5.1    4.0    5.0    7.0    7.0    6.1   14.6
2024  9 21 265 12.00  162.0   32.7  242.8  1.024E+10  1.450E+10  9.382E+08 9.979E-13  746.9   937  1.688E+07  1.826E+07  4.615E+05  1.002E+07  153.9  153.9    5.1    4.0    5.0    7.0    7.0    6.1   14.6
2024  9 21 265 12.00  164.0   32.7  242.8  9.650E+09  1.317E+10  8.303E+08 9.147E-13  756.2   937  1.659E+07  1.587E+07  4.317E+05  1.066E+07  153.9  153.9    5.1    4.0    5.0    7.0    7.0    6.1   14.6
2024  9 21 265 12.00  166.0   32.7  242.8  9.105E+09  1.199E+10  7.369E+08 8.402E-13  765.0   937  1.631E+07  1.383E+07  4.050E+05  1.126E+07  153.9  153.9    5.1    4.0    5.0    7.0    7.0    6.1   14.6
2024  9 21 265 12.00  168.0   32.7  242.8  8.601E+09  1.093E+10  6.557E+08 7.732E-13  773.3   937  1.605E+07  1.209E+07  3.811E+05  1.183E+07  153.9  153.9    5.1    4.0    5.0    7.0    7.0    6.1   14.6
2024  9 21 265 12.00  170.0   32.7  242.8  8.133E+09  9.985E+09  5.849E+08 7.127E-13  781.3   937  1.581E+07  1.059E+07  3.595E+05  1.235E+07  153.9  153.9    5.1    4.0    5.0    7.0    7.0    6.1   14.6
2024  9 21 265 12.00  172.0   32.7  242.8  7.699E+09  9.132E+09  5.230E+08 6.581E-13  788.8   937  1.557E+07  9.295E+06  3.400E+05  1.283E+07  153.9  153.9    5.1    4.0    5.0    7.0    7.0    6.1   14.6
2024  9 21 265 12.00  174.0   32.7  242.8  7.295E+09  8.363E+09  4.686E+08 6.087E-13  796.0   937  1.534E+07  8.178E+06  3.225E+05  1.326E+07  153.9  153.9    5.1    4.0    5.0    7.0    7.0    6.1   14.6
2024  9 21 265 12.00  176.0   32.7  242.8  6.918E+09  7.668E+09  4.208E+08 5.637E-13  802.9   937  1.512E+07  7.209E+06  3.066E+05  1.364E+07  153.9  153.9    5.1    4.0    5.0    7.0    7.0    6.1   14.6
2024  9 21 265 12.00  178.0   32.7  242.8  6.567E+09  7.039E+09  3.786E+08 5.229E-13  809.4   937  1.491E+07  6.368E+06  2.922E+05  1.396E+07  153.9  153.9    5.1    4.0    5.0    7.0    7.0    6.1   14.6
2024  9 21 265 12.00  180.0   32.7  242.8  6.238E+09  6.469E+09  3.412E+08 4.856E-13  815.6   937  1.471E+07  5.634E+06  2.791E+05  1.423E+07  153.9  153.9    5.1    4.0    5.0    7.0    7.0    6.1   14.6
2024  9 21 265 12.00  182.0   32.7  242.8  5.930E+09  5.951E+09  3.081E+08 4.515E-13  821.4   937  1.451E+07  4.994E+06  2.672E+05  1.444E+07  153.9  153.9    5.1    4.0    5.0    7.0    7.0    6.1   14.6
2024  9 21 265 12.00  184.0   32.7  242.8  5.641E+09  5.480E+09  2.787E+08 4.203E-13  827.0   937  1.432E+07  4.433E+06  2.564E+05  1.459E+07  153.9  153.9    5.1    4.0    5.0    7.0    7.0    6.1   14.6
2024  9 21 265 12.00  186.0   32.7  242.8  5.370E+09  5.051E+09  2.524E+08 3.918E-13  832.3   937  1.413E+07  3.941E+06  2.466E+05  1.470E+07  153.9  153.9    5.1    4.0    5.0    7.0    7.0    6.1   14.6
2024  9 21 265 12.00  188.0   32.7  242.8  5.115E+09  4.660E+09  2.290E+08 3.655E-13  837.4   937  1.395E+07  3.508E+06  2.376E+05  1.475E+07  153.9  153.9    5.1    4.0    5.0    7.0    7.0    6.1   14.6
2024  9 21 265 12.00  190.0   32.7  242.8  4.876E+09  4.302E+09  2.080E+08 3.414E-13  842.2   937  1.378E+07  3.128E+06  2.294E+05  1.476E+07  153.9  153.9    5.1    4.0    5.0    7.0    7.0    6.1   14.6
2024  9 21 265 12.00  192.0   32.7  242.8  4.650E+09  3.975E+09  1.892E+08 3.191E-13  846.8   937  1.361E+07  2.791E+06  2.219E+05  1.472E+07  153.9  153.9    5.1    4.0    5.0    7.0    7.0    6.1   14.6
2024  9 21 265 12.00  194.0   32.7  242.8  4.437E+09  3.675E+09  1.723E+08 2.986E-13  851.2   937  1.344E+07  2.494E+06  2.150E+05  1.465E+07  153.9  153.9    5.1    4.0    5.0    7.0    7.0    6.1   14.6
2024  9 21 265 12.00  196.0   32.7  242.8  4.235E+09  3.401E+09  1.571E+08 2.796E-13  855.3   937  1.328E+07  2.231E+06  2.087E+05  1.454E+07  153.9  153.9    5.1    4.0    5.0    7.0    7.0    6.1   14.6
2024  9 21 265 12.00  198.0   32.7  242.8  4.045E+09  3.149E+09  1.433E+08 2.621E-13  859.2   937  1.312E+07  1.998E+06  2.029E+05  1.439E+07  153.9  153.9    5.1    4.0    5.0    7.0    7.0    6.1   14.6
2024  9 21 265 12.00  200.0   32.7  242.8  3.865E+09  2.917E+09  1.309E+08 2.459E-13  863.0   937  1.296E+07  1.791E+06  1.976E+05  1.422E+07  153.9  153.9    5.1    4.0    5.0    7.0    7.0    6.1   14.6
2024  9 21 265 12.00  202.0   32.7  242.8  3.695E+09  2.704E+09  1.197E+08 2.308E-13  866.6   937  1.281E+07  1.607E+06  1.927E+05  1.402E+07  153.9  153.9    5.1    4.0    5.0    7.0    7.0    6.1   14.6
2024  9 21 265 12.00  204.0   32.7  242.8  3.534E+09  2.508E+09  1.096E+08 2.169E-13  869.9   937  1.266E+07  1.443E+06  1.881E+05  1.380E+07  153.9  153.9    5.1    4.0    5.0    7.0    7.0    6.1   14.6
2024  9 21 265 12.00  206.0   32.7  242.8  3.381E+09  2.327E+09  1.004E+08 2.039E-13  873.2   937  1.251E+07  1.297E+06  1.839E+05  1.356E+07  153.9  153.9    5.1    4.0    5.0    7.0    7.0    6.1   14.6
2024  9 21 265 12.00  208.0   32.7  242.8  3.235E+09  2.161E+09  9.200E+07 1.918E-13  876.2   937  1.237E+07  1.166E+06  1.801E+05  1.331E+07  153.9  153.9    5.1    4.0    5.0    7.0    7.0    6.1   14.6
2024  9 21 265 12.00  210.0   32.7  242.8  3.097E+09  2.007E+09  8.440E+07 1.806E-13  879.2   937  1.223E+07  1.050E+06  1.765E+05  1.304E+07  153.9  153.9    5.1    4.0    5.0    7.0    7.0    6.1   14.6
2024  9 21 265 12.00  212.0   32.7  242.8  2.966E+09  1.865E+09  7.748E+07 1.701E-13  882.0   937  1.209E+07  9.453E+05  1.732E+05  1.276E+07  153.9  153.9    5.1    4.0    5.0    7.0    7.0    6.1   14.6
2024  9 21 265 12.00  214.0   32.7  242.8  2.842E+09  1.734E+09  7.117E+07 1.603E-13  884.6   937  1.196E+07  8.520E+05  1.701E+05  1.247E+07  153.9  153.9    5.1    4.0    5.0    7.0    7.0    6.1   14.6
2024  9 21 265 12.00  216.0   32.7  242.8  2.723E+09  1.612E+09  6.541E+07 1.512E-13  887.1   937  1.182E+07  7.683E+05  1.673E+05  1.218E+07  153.9  153.9    5.1    4.0    5.0    7.0    7.0    6.1   14.6
2024  9 21 265 12.00  218.0   32.7  242.8  2.610E+09  1.500E+09  6.016E+07 1.427E-13  889.5   937  1.169E+07  6.932E+05  1.646E+05  1.188E+07  153.9  153.9    5.1    4.0    5.0    7.0    7.0    6.1   14.6
2024  9 21 265 12.00  220.0   32.7  242.8  2.502E+09  1.396E+09  5.535E+07 1.348E-13  891.8   937  1.156E+07  6.258E+05  1.621E+05  1.158E+07  153.9  153.9    5.1    4.0    5.0    7.0    7.0    6.1   14.6
2024  9 21 265 12.00  222.0   32.7  242.8  2.400E+09  1.300E+09  5.096E+07 1.273E-13  894.0   937  1.144E+07  5.653E+05  1.598E+05  1.128E+07  153.9  153.9    5.1    4.0    5.0    7.0    7.0    6.1   14.6
2024  9 21 265 12.00  224.0   32.7  242.8  2.302E+09  1.211E+09  4.694E+07 1.203E-13  896.0   937  1.131E+07  5.109E+05  1.577E+05  1.098E+07  153.9  153.9    5.1    4.0    5.0    7.0    7.0    6.1   14.6
2024  9 21 265 12.00  226.0   32.7  242.8  2.209E+09  1.128E+09  4.325E+07 1.138E-13  898.0   937  1.119E+07  4.619E+05  1.557E+05  1.068E+07  153.9  153.9    5.1    4.0    5.0    7.0    7.0    6.1   14.6
2024  9 21 265 12.00  228.0   32.7  242.8  2.120E+09  1.051E+09  3.987E+07 1.077E-13  899.9   937  1.107E+07  4.178E+05  1.538E+05  1.038E+07  153.9  153.9    5.1    4.0    5.0    7.0    7.0    6.1   14.6
2024  9 21 265 12.00  230.0   32.7  242.8  2.034E+09  9.798E+08  3.677E+07 1.019E-13  901.6   937  1.095E+07  3.781E+05  1.520E+05  1.008E+07  153.9  153.9    5.1    4.0    5.0    7.0    7.0    6.1   14.6
2024  9 21 265 12.00  232.0   32.7  242.8  1.953E+09  9.136E+08  3.393E+07 9.651E-14  903.3   937  1.083E+07  3.422E+05  1.504E+05  9.793E+06  153.9  153.9    5.1    4.0    5.0    7.0    7.0    6.1   14.6
2024  9 21 265 12.00  234.0   32.7  242.8  1.876E+09  8.520E+08  3.131E+07 9.144E-14  904.9   937  1.072E+07  3.099E+05  1.488E+05  9.507E+06  153.9  153.9    5.1    4.0    5.0    7.0    7.0    6.1   14.6
2024  9 21 265 12.00  236.0   32.7  242.8  1.801E+09  7.949E+08  2.891E+07 8.667E-14  906.5   937  1.061E+07  2.808E+05  1.473E+05  9.225E+06  153.9  153.9    5.1    4.0    5.0    7.0    7.0    6.1   14.6
2024  9 21 265 12.00  238.0   32.7  242.8  1.730E+09  7.417E+08  2.670E+07 8.218E-14  907.9   937  1.050E+07  2.545E+05  1.460E+05  8.949E+06  153.9  153.9    5.1    4.0    5.0    7.0    7.0    6.1   14.6
2024  9 21 265 12.00  240.0   32.7  242.8  1.662E+09  6.923E+08  2.466E+07 7.796E-14  909.3   937  1.039E+07  2.307E+05  1.447E+05  8.679E+06  153.9  153.9    5.1    4.0    5.0    7.0    7.0    6.1   14.6
2024  9 21 265 12.00  242.0   32.7  242.8  1.597E+09  6.462E+08  2.279E+07 7.399E-14  910.7   937  1.028E+07  2.092E+05  1.434E+05  8.415E+06  153.9  153.9    5.1    4.0    5.0    7.0    7.0    6.1   14.6
2024  9 21 265 12.00  244.0   32.7  242.8  1.535E+09  6.034E+08  2.107E+07 7.024E-14  911.9   937  1.017E+07  1.897E+05  1.423E+05  8.157E+06  153.9  153.9    5.1    4.0    5.0    7.0    7.0    6.1   14.6
2024  9 21 265 12.00  246.0   32.7  242.8  1.475E+09  5.635E+08  1.948E+07 6.671E-14  913.1   937  1.007E+07  1.722E+05  1.412E+05  7.905E+06  153.9  153.9    5.1    4.0    5.0    7.0    7.0    6.1   14.6
2024  9 21 265 12.00  248.0   32.7  242.8  1.418E+09  5.264E+08  1.802E+07 6.338E-14  914.3   937  9.964E+06  1.563E+05  1.402E+05  7.660E+06  153.9  153.9    5.1    4.0    5.0    7.0    7.0    6.1   14.6
2024  9 21 265 12.00  250.0   32.7  242.8  1.364E+09  4.918E+08  1.667E+07 6.024E-14  915.3   937  9.863E+06  1.419E+05  1.392E+05  7.421E+06  153.9  153.9    5.1    4.0    5.0    7.0    7.0    6.1   14.6
2024  9 21 265 12.00  252.0   32.7  242.8  1.311E+09  4.595E+08  1.542E+07 5.727E-14  916.4   937  9.763E+06  1.288E+05  1.382E+05  7.188E+06  153.9  153.9    5.1    4.0    5.0    7.0    7.0    6.1   14.6
2024  9 21 265 12.00  254.0   32.7  242.8  1.261E+09  4.295E+08  1.427E+07 5.447E-14  917.4   937  9.664E+06  1.170E+05  1.374E+05  6.962E+06  153.9  153.9    5.1    4.0    5.0    7.0    7.0    6.1   14.6
2024  9 21 265 12.00  256.0   32.7  242.8  1.213E+09  4.015E+08  1.321E+07 5.182E-14  918.3   937  9.566E+06  1.063E+05  1.365E+05  6.743E+06  153.9  153.9    5.1    4.0    5.0    7.0    7.0    6.1   14.6
2024  9 21 265 12.00  258.0   32.7  242.8  1.166E+09  3.753E+08  1.223E+07 4.932E-14  919.2   937  9.470E+06  9.658E+04  1.357E+05  6.529E+06  153.9  153.9    5.1    4.0    5.0    7.0    7.0    6.1   14.6
2024  9 21 265 12.00  260.0   32.7  242.8  1.122E+09  3.509E+08  1.133E+07 4.695E-14  920.0   937  9.376E+06  8.778E+04  1.349E+05  6.322E+06  153.9  153.9    5.1    4.0    5.0    7.0    7.0    6.1   14.6
2024  9 21 265 12.00  262.0   32.7  242.8  1.080E+09  3.282E+08  1.049E+07 4.471E-14  920.9   937  9.282E+06  7.979E+04  1.342E+05  6.121E+06  153.9  153.9    5.1    4.0    5.0    7.0    7.0    6.1   14.6
2024  9 21 265 12.00  264.0   32.7  242.8  1.039E+09  3.069E+08  9.718E+06 4.259E-14  921.6   937  9.190E+06  7.255E+04  1.335E+05  5.926E+06  153.9  153.9    5.1    4.0    5.0    7.0    7.0    6.1   14.6
2024  9 21 265 12.00  266.0   32.7  242.8  9.995E+08  2.871E+08  9.004E+06 4.059E-14  922.4   937  9.099E+06  6.598E+04  1.328E+05  5.737E+06  153.9  153.9    5.1    4.0    5.0    7.0    7.0    6.1   14.6
2024  9 21 265 12.00  268.0   32.7  242.8  9.618E+08  2.686E+08  8.343E+06 3.869E-14  923.1   937  9.009E+06  6.001E+04  1.322E+05  5.554E+06  153.9  153.9    5.1    4.0    5.0    7.0    7.0    6.1   14.6
2024  9 21 265 12.00  270.0   32.7  242.8  9.257E+08  2.513E+08  7.732E+06 3.688E-14  923.7   937  8.920E+06  5.459E+04  1.315E+05  5.377E+06  153.9  153.9    5.1    4.0    5.0    7.0    7.0    6.1   14.6
2024  9 21 265 12.00  272.0   32.7  242.8  8.910E+08  2.352E+08  7.167E+06 3.518E-14  924.4   937  8.833E+06  4.967E+04  1.309E+05  5.205E+06  153.9  153.9    5.1    4.0    5.0    7.0    7.0    6.1   14.6
2024  9 21 265 12.00  274.0   32.7  242.8  8.577E+08  2.201E+08  6.645E+06 3.356E-14  925.0   937  8.747E+06  4.520E+04  1.303E+05  5.038E+06  153.9  153.9    5.1    4.0    5.0    7.0    7.0    6.1   14.6
2024  9 21 265 12.00  276.0   32.7  242.8  8.257E+08  2.060E+08  6.161E+06 3.202E-14  925.5   937  8.661E+06  4.114E+04  1.298E+05  4.877E+06  153.9  153.9    5.1    4.0    5.0    7.0    7.0    6.1   14.6
2024  9 21 265 12.00  278.0   32.7  242.8  7.949E+08  1.928E+08  5.713E+06 3.056E-14  926.1   937  8.577E+06  3.745E+04  1.292E+05  4.721E+06  153.9  153.9    5.1    4.0    5.0    7.0    7.0    6.1   14.6
2024  9 21 265 12.00  280.0   32.7  242.8  7.653E+08  1.805E+08  5.298E+06 2.918E-14  926.6   937  8.494E+06  3.409E+04  1.287E+05  4.570E+06  153.9  153.9    5.1    4.0    5.0    7.0    7.0    6.1   14.6
2024  9 21 265 12.00  282.0   32.7  242.8  7.369E+08  1.690E+08  4.914E+06 2.786E-14  927.1   937  8.412E+06  3.104E+04  1.282E+05  4.424E+06  153.9  153.9    5.1    4.0    5.0    7.0    7.0    6.1   14.6
2024  9 21 265 12.00  284.0   32.7  242.8  7.096E+08  1.583E+08  4.559E+06 2.661E-14  927.6   937  8.331E+06  2.827E+04  1.277E+05  4.282E+06  153.9  153.9    5.1    4.0    5.0    7.0    7.0    6.1   14.6
2024  9 21 265 12.00  286.0   32.7  242.8  6.833E+08  1.482E+08  4.230E+06 2.543E-14  928.0   937  8.251E+06  2.575E+04  1.273E+05  4.145E+06  153.9  153.9    5.1    4.0    5.0    7.0    7.0    6.1   14.6
2024  9 21 265 12.00  288.0   32.7  242.8  6.581E+08  1.388E+08  3.924E+06 2.430E-14  928.5   937  8.172E+06  2.345E+04  1.268E+05  4.013E+06  153.9  153.9    5.1    4.0    5.0    7.0    7.0    6.1   14.6
2024  9 21 265 12.00  290.0   32.7  242.8  6.338E+08  1.300E+08  3.642E+06 2.323E-14  928.9   937  8.093E+06  2.137E+04  1.263E+05  3.884E+06  153.9  153.9    5.1    4.0    5.0    7.0    7.0    6.1   14.6
2024  9 21 265 12.00  292.0   32.7  242.8  6.105E+08  1.218E+08  3.380E+06 2.221E-14  929.3   937  8.016E+06  1.947E+04  1.259E+05  3.760E+06  153.9  153.9    5.1    4.0    5.0    7.0    7.0    6.1   14.6
2024  9 21 265 12.00  294.0   32.7  242.8  5.881E+08  1.141E+08  3.137E+06 2.124E-14  929.6   937  7.940E+06  1.774E+04  1.255E+05  3.640E+06  153.9  153.9    5.1    4.0    5.0    7.0    7.0    6.1   14.6
2024  9 21 265 12.00  296.0   32.7  242.8  5.665E+08  1.069E+08  2.912E+06 2.031E-14  930.0   937  7.864E+06  1.617E+04  1.250E+05  3.524E+06  153.9  153.9    5.1    4.0    5.0    7.0    7.0    6.1   14.6
2024  9 21 265 12.00  298.0   32.7  242.8  5.457E+08  1.002E+08  2.703E+06 1.943E-14  930.3   937  7.790E+06  1.473E+04  1.246E+05  3.411E+06  153.9  153.9    5.1    4.0    5.0    7.0    7.0    6.1   14.6