Since the F10.7 (3-month avg) of the requested date is not yet available, the value of F10.7 (daily) is used instead as the value of F10.7 (3-monthavg).
Year Mon Day DOY hour Heit(km) Lat  Lon Oden(cm-3) N2den(cm-3) O2den(cm-3) air(gm/cm3) T(K) exoT(K) Heden(cm-3)Arden(cm-3) Hden(cm-3) Nden(cm-3) F107 F107a apdaily  ap0-3 ap3-6 ap6-9 ap9-12 ap12-33 ap33-59
2024  9 21 265 12.00  150.0   32.7  242.8  1.508E+10  2.698E+10  2.091E+09 1.770E-12  680.4   937  1.904E+07  4.538E+07  7.332E+05  6.032E+06  153.9  153.9    5.1    4.0    5.0    7.0    7.0    6.1   14.6
2024  9 21 265 12.00  151.0   32.7  242.8  1.457E+10  2.553E+10  1.946E+09 1.681E-12  686.8   937  1.882E+07  4.184E+07  7.024E+05  6.354E+06  153.9  153.9    5.1    4.0    5.0    7.0    7.0    6.1   14.6
2024  9 21 265 12.00  152.0   32.7  242.8  1.408E+10  2.417E+10  1.813E+09 1.597E-12  693.0   937  1.861E+07  3.863E+07  6.734E+05  6.680E+06  153.9  153.9    5.1    4.0    5.0    7.0    7.0    6.1   14.6
2024  9 21 265 12.00  153.0   32.7  242.8  1.361E+10  2.290E+10  1.690E+09 1.519E-12  699.0   937  1.841E+07  3.569E+07  6.462E+05  7.011E+06  153.9  153.9    5.1    4.0    5.0    7.0    7.0    6.1   14.6
2024  9 21 265 12.00  154.0   32.7  242.8  1.317E+10  2.172E+10  1.578E+09 1.446E-12  704.9   937  1.822E+07  3.301E+07  6.205E+05  7.346E+06  153.9  153.9    5.1    4.0    5.0    7.0    7.0    6.1   14.6
2024  9 21 265 12.00  155.0   32.7  242.8  1.274E+10  2.060E+10  1.474E+09 1.378E-12  710.6   937  1.803E+07  3.057E+07  5.964E+05  7.682E+06  153.9  153.9    5.1    4.0    5.0    7.0    7.0    6.1   14.6
2024  9 21 265 12.00  156.0   32.7  242.8  1.234E+10  1.956E+10  1.378E+09 1.313E-12  716.2   937  1.785E+07  2.832E+07  5.736E+05  8.020E+06  153.9  153.9    5.1    4.0    5.0    7.0    7.0    6.1   14.6
2024  9 21 265 12.00  157.0   32.7  242.8  1.195E+10  1.858E+10  1.290E+09 1.253E-12  721.6   937  1.767E+07  2.627E+07  5.522E+05  8.359E+06  153.9  153.9    5.1    4.0    5.0    7.0    7.0    6.1   14.6
2024  9 21 265 12.00  158.0   32.7  242.8  1.158E+10  1.766E+10  1.209E+09 1.195E-12  726.9   937  1.750E+07  2.439E+07  5.319E+05  8.697E+06  153.9  153.9    5.1    4.0    5.0    7.0    7.0    6.1   14.6
2024  9 21 265 12.00  159.0   32.7  242.8  1.122E+10  1.680E+10  1.133E+09 1.142E-12  732.1   937  1.734E+07  2.266E+07  5.128E+05  9.033E+06  153.9  153.9    5.1    4.0    5.0    7.0    7.0    6.1   14.6
2024  9 21 265 12.00  160.0   32.7  242.8  1.088E+10  1.599E+10  1.063E+09 1.091E-12  737.2   937  1.718E+07  2.107E+07  4.947E+05  9.367E+06  153.9  153.9    5.1    4.0    5.0    7.0    7.0    6.1   14.6
2024  9 21 265 12.00  161.0   32.7  242.8  1.055E+10  1.522E+10  9.983E+08 1.043E-12  742.1   937  1.703E+07  1.961E+07  4.776E+05  9.697E+06  153.9  153.9    5.1    4.0    5.0    7.0    7.0    6.1   14.6
2024  9 21 265 12.00  162.0   32.7  242.8  1.024E+10  1.450E+10  9.382E+08 9.979E-13  746.9   937  1.688E+07  1.826E+07  4.615E+05  1.002E+07  153.9  153.9    5.1    4.0    5.0    7.0    7.0    6.1   14.6
2024  9 21 265 12.00  163.0   32.7  242.8  9.939E+09  1.382E+10  8.823E+08 9.552E-13  751.6   937  1.673E+07  1.702E+07  4.462E+05  1.034E+07  153.9  153.9    5.1    4.0    5.0    7.0    7.0    6.1   14.6
2024  9 21 265 12.00  164.0   32.7  242.8  9.650E+09  1.317E+10  8.303E+08 9.147E-13  756.2   937  1.659E+07  1.587E+07  4.317E+05  1.066E+07  153.9  153.9    5.1    4.0    5.0    7.0    7.0    6.1   14.6
2024  9 21 265 12.00  165.0   32.7  242.8  9.372E+09  1.257E+10  7.819E+08 8.765E-13  760.6   937  1.645E+07  1.481E+07  4.180E+05  1.096E+07  153.9  153.9    5.1    4.0    5.0    7.0    7.0    6.1   14.6
2024  9 21 265 12.00  166.0   32.7  242.8  9.105E+09  1.199E+10  7.369E+08 8.402E-13  765.0   937  1.631E+07  1.383E+07  4.050E+05  1.126E+07  153.9  153.9    5.1    4.0    5.0    7.0    7.0    6.1   14.6
2024  9 21 265 12.00  167.0   32.7  242.8  8.848E+09  1.145E+10  6.949E+08 8.058E-13  769.2   937  1.618E+07  1.293E+07  3.927E+05  1.155E+07  153.9  153.9    5.1    4.0    5.0    7.0    7.0    6.1   14.6
2024  9 21 265 12.00  168.0   32.7  242.8  8.601E+09  1.093E+10  6.557E+08 7.732E-13  773.3   937  1.605E+07  1.209E+07  3.811E+05  1.183E+07  153.9  153.9    5.1    4.0    5.0    7.0    7.0    6.1   14.6
2024  9 21 265 12.00  169.0   32.7  242.8  8.363E+09  1.045E+10  6.191E+08 7.422E-13  777.3   937  1.593E+07  1.131E+07  3.700E+05  1.210E+07  153.9  153.9    5.1    4.0    5.0    7.0    7.0    6.1   14.6
2024  9 21 265 12.00  170.0   32.7  242.8  8.133E+09  9.985E+09  5.849E+08 7.127E-13  781.3   937  1.581E+07  1.059E+07  3.595E+05  1.235E+07  153.9  153.9    5.1    4.0    5.0    7.0    7.0    6.1   14.6
2024  9 21 265 12.00  171.0   32.7  242.8  7.912E+09  9.547E+09  5.529E+08 6.848E-13  785.1   937  1.569E+07  9.917E+06  3.495E+05  1.260E+07  153.9  153.9    5.1    4.0    5.0    7.0    7.0    6.1   14.6
2024  9 21 265 12.00  172.0   32.7  242.8  7.699E+09  9.132E+09  5.230E+08 6.581E-13  788.8   937  1.557E+07  9.295E+06  3.400E+05  1.283E+07  153.9  153.9    5.1    4.0    5.0    7.0    7.0    6.1   14.6
2024  9 21 265 12.00  173.0   32.7  242.8  7.493E+09  8.737E+09  4.949E+08 6.328E-13  792.5   937  1.545E+07  8.716E+06  3.310E+05  1.306E+07  153.9  153.9    5.1    4.0    5.0    7.0    7.0    6.1   14.6
2024  9 21 265 12.00  174.0   32.7  242.8  7.295E+09  8.363E+09  4.686E+08 6.087E-13  796.0   937  1.534E+07  8.178E+06  3.225E+05  1.326E+07  153.9  153.9    5.1    4.0    5.0    7.0    7.0    6.1   14.6
2024  9 21 265 12.00  175.0   32.7  242.8  7.103E+09  8.006E+09  4.439E+08 5.857E-13  799.5   937  1.523E+07  7.676E+06  3.143E+05  1.346E+07  153.9  153.9    5.1    4.0    5.0    7.0    7.0    6.1   14.6
2024  9 21 265 12.00  176.0   32.7  242.8  6.918E+09  7.668E+09  4.208E+08 5.637E-13  802.9   937  1.512E+07  7.209E+06  3.066E+05  1.364E+07  153.9  153.9    5.1    4.0    5.0    7.0    7.0    6.1   14.6
2024  9 21 265 12.00  177.0   32.7  242.8  6.739E+09  7.346E+09  3.990E+08 5.428E-13  806.2   937  1.502E+07  6.774E+06  2.992E+05  1.381E+07  153.9  153.9    5.1    4.0    5.0    7.0    7.0    6.1   14.6
2024  9 21 265 12.00  178.0   32.7  242.8  6.567E+09  7.039E+09  3.786E+08 5.229E-13  809.4   937  1.491E+07  6.368E+06  2.922E+05  1.396E+07  153.9  153.9    5.1    4.0    5.0    7.0    7.0    6.1   14.6
2024  9 21 265 12.00  179.0   32.7  242.8  6.399E+09  6.747E+09  3.594E+08 5.038E-13  812.5   937  1.481E+07  5.988E+06  2.855E+05  1.410E+07  153.9  153.9    5.1    4.0    5.0    7.0    7.0    6.1   14.6
2024  9 21 265 12.00  180.0   32.7  242.8  6.238E+09  6.469E+09  3.412E+08 4.856E-13  815.6   937  1.471E+07  5.634E+06  2.791E+05  1.423E+07  153.9  153.9    5.1    4.0    5.0    7.0    7.0    6.1   14.6
2024  9 21 265 12.00  181.0   32.7  242.8  6.081E+09  6.204E+09  3.242E+08 4.682E-13  818.5   937  1.461E+07  5.303E+06  2.730E+05  1.434E+07  153.9  153.9    5.1    4.0    5.0    7.0    7.0    6.1   14.6
2024  9 21 265 12.00  182.0   32.7  242.8  5.930E+09  5.951E+09  3.081E+08 4.515E-13  821.4   937  1.451E+07  4.994E+06  2.672E+05  1.444E+07  153.9  153.9    5.1    4.0    5.0    7.0    7.0    6.1   14.6
2024  9 21 265 12.00  183.0   32.7  242.8  5.783E+09  5.710E+09  2.930E+08 4.356E-13  824.3   937  1.441E+07  4.704E+06  2.617E+05  1.452E+07  153.9  153.9    5.1    4.0    5.0    7.0    7.0    6.1   14.6
2024  9 21 265 12.00  184.0   32.7  242.8  5.641E+09  5.480E+09  2.787E+08 4.203E-13  827.0   937  1.432E+07  4.433E+06  2.564E+05  1.459E+07  153.9  153.9    5.1    4.0    5.0    7.0    7.0    6.1   14.6
2024  9 21 265 12.00  185.0   32.7  242.8  5.504E+09  5.261E+09  2.652E+08 4.057E-13  829.7   937  1.423E+07  4.179E+06  2.514E+05  1.465E+07  153.9  153.9    5.1    4.0    5.0    7.0    7.0    6.1   14.6
2024  9 21 265 12.00  186.0   32.7  242.8  5.370E+09  5.051E+09  2.524E+08 3.918E-13  832.3   937  1.413E+07  3.941E+06  2.466E+05  1.470E+07  153.9  153.9    5.1    4.0    5.0    7.0    7.0    6.1   14.6
2024  9 21 265 12.00  187.0   32.7  242.8  5.241E+09  4.851E+09  2.404E+08 3.783E-13  834.9   937  1.404E+07  3.718E+06  2.420E+05  1.473E+07  153.9  153.9    5.1    4.0    5.0    7.0    7.0    6.1   14.6
2024  9 21 265 12.00  188.0   32.7  242.8  5.115E+09  4.660E+09  2.290E+08 3.655E-13  837.4   937  1.395E+07  3.508E+06  2.376E+05  1.475E+07  153.9  153.9    5.1    4.0    5.0    7.0    7.0    6.1   14.6
2024  9 21 265 12.00  189.0   32.7  242.8  4.994E+09  4.477E+09  2.182E+08 3.532E-13  839.8   937  1.387E+07  3.312E+06  2.334E+05  1.476E+07  153.9  153.9    5.1    4.0    5.0    7.0    7.0    6.1   14.6
2024  9 21 265 12.00  190.0   32.7  242.8  4.876E+09  4.302E+09  2.080E+08 3.414E-13  842.2   937  1.378E+07  3.128E+06  2.294E+05  1.476E+07  153.9  153.9    5.1    4.0    5.0    7.0    7.0    6.1   14.6
2024  9 21 265 12.00  191.0   32.7  242.8  4.761E+09  4.135E+09  1.983E+08 3.300E-13  844.5   937  1.369E+07  2.954E+06  2.256E+05  1.475E+07  153.9  153.9    5.1    4.0    5.0    7.0    7.0    6.1   14.6
2024  9 21 265 12.00  192.0   32.7  242.8  4.650E+09  3.975E+09  1.892E+08 3.191E-13  846.8   937  1.361E+07  2.791E+06  2.219E+05  1.472E+07  153.9  153.9    5.1    4.0    5.0    7.0    7.0    6.1   14.6
2024  9 21 265 12.00  193.0   32.7  242.8  4.542E+09  3.822E+09  1.805E+08 3.086E-13  849.0   937  1.352E+07  2.638E+06  2.184E+05  1.469E+07  153.9  153.9    5.1    4.0    5.0    7.0    7.0    6.1   14.6
2024  9 21 265 12.00  194.0   32.7  242.8  4.437E+09  3.675E+09  1.723E+08 2.986E-13  851.2   937  1.344E+07  2.494E+06  2.150E+05  1.465E+07  153.9  153.9    5.1    4.0    5.0    7.0    7.0    6.1   14.6
2024  9 21 265 12.00  195.0   32.7  242.8  4.335E+09  3.535E+09  1.645E+08 2.889E-13  853.3   937  1.336E+07  2.359E+06  2.118E+05  1.460E+07  153.9  153.9    5.1    4.0    5.0    7.0    7.0    6.1   14.6
2024  9 21 265 12.00  196.0   32.7  242.8  4.235E+09  3.401E+09  1.571E+08 2.796E-13  855.3   937  1.328E+07  2.231E+06  2.087E+05  1.454E+07  153.9  153.9    5.1    4.0    5.0    7.0    7.0    6.1   14.6
2024  9 21 265 12.00  197.0   32.7  242.8  4.139E+09  3.272E+09  1.500E+08 2.707E-13  857.3   937  1.320E+07  2.111E+06  2.057E+05  1.447E+07  153.9  153.9    5.1    4.0    5.0    7.0    7.0    6.1   14.6
2024  9 21 265 12.00  198.0   32.7  242.8  4.045E+09  3.149E+09  1.433E+08 2.621E-13  859.2   937  1.312E+07  1.998E+06  2.029E+05  1.439E+07  153.9  153.9    5.1    4.0    5.0    7.0    7.0    6.1   14.6
2024  9 21 265 12.00  199.0   32.7  242.8  3.954E+09  3.030E+09  1.370E+08 2.538E-13  861.1   937  1.304E+07  1.892E+06  2.002E+05  1.431E+07  153.9  153.9    5.1    4.0    5.0    7.0    7.0    6.1   14.6
2024  9 21 265 12.00  200.0   32.7  242.8  3.865E+09  2.917E+09  1.309E+08 2.459E-13  863.0   937  1.296E+07  1.791E+06  1.976E+05  1.422E+07  153.9  153.9    5.1    4.0    5.0    7.0    7.0    6.1   14.6
2024  9 21 265 12.00  201.0   32.7  242.8  3.779E+09  2.808E+09  1.252E+08 2.382E-13  864.8   937  1.289E+07  1.696E+06  1.951E+05  1.412E+07  153.9  153.9    5.1    4.0    5.0    7.0    7.0    6.1   14.6
2024  9 21 265 12.00  202.0   32.7  242.8  3.695E+09  2.704E+09  1.197E+08 2.308E-13  866.6   937  1.281E+07  1.607E+06  1.927E+05  1.402E+07  153.9  153.9    5.1    4.0    5.0    7.0    7.0    6.1   14.6
2024  9 21 265 12.00  203.0   32.7  242.8  3.613E+09  2.604E+09  1.145E+08 2.237E-13  868.3   937  1.273E+07  1.523E+06  1.903E+05  1.391E+07  153.9  153.9    5.1    4.0    5.0    7.0    7.0    6.1   14.6
2024  9 21 265 12.00  204.0   32.7  242.8  3.534E+09  2.508E+09  1.096E+08 2.169E-13  869.9   937  1.266E+07  1.443E+06  1.881E+05  1.380E+07  153.9  153.9    5.1    4.0    5.0    7.0    7.0    6.1   14.6
2024  9 21 265 12.00  205.0   32.7  242.8  3.456E+09  2.416E+09  1.049E+08 2.103E-13  871.6   937  1.259E+07  1.368E+06  1.860E+05  1.368E+07  153.9  153.9    5.1    4.0    5.0    7.0    7.0    6.1   14.6
2024  9 21 265 12.00  206.0   32.7  242.8  3.381E+09  2.327E+09  1.004E+08 2.039E-13  873.2   937  1.251E+07  1.297E+06  1.839E+05  1.356E+07  153.9  153.9    5.1    4.0    5.0    7.0    7.0    6.1   14.6
2024  9 21 265 12.00  207.0   32.7  242.8  3.307E+09  2.242E+09  9.609E+07 1.977E-13  874.7   937  1.244E+07  1.230E+06  1.820E+05  1.344E+07  153.9  153.9    5.1    4.0    5.0    7.0    7.0    6.1   14.6
2024  9 21 265 12.00  208.0   32.7  242.8  3.235E+09  2.161E+09  9.200E+07 1.918E-13  876.2   937  1.237E+07  1.166E+06  1.801E+05  1.331E+07  153.9  153.9    5.1    4.0    5.0    7.0    7.0    6.1   14.6
2024  9 21 265 12.00  209.0   32.7  242.8  3.165E+09  2.082E+09  8.811E+07 1.861E-13  877.7   937  1.230E+07  1.106E+06  1.783E+05  1.317E+07  153.9  153.9    5.1    4.0    5.0    7.0    7.0    6.1   14.6
2024  9 21 265 12.00  210.0   32.7  242.8  3.097E+09  2.007E+09  8.440E+07 1.806E-13  879.2   937  1.223E+07  1.050E+06  1.765E+05  1.304E+07  153.9  153.9    5.1    4.0    5.0    7.0    7.0    6.1   14.6
2024  9 21 265 12.00  211.0   32.7  242.8  3.031E+09  1.934E+09  8.086E+07 1.753E-13  880.6   937  1.216E+07  9.960E+05  1.748E+05  1.290E+07  153.9  153.9    5.1    4.0    5.0    7.0    7.0    6.1   14.6
2024  9 21 265 12.00  212.0   32.7  242.8  2.966E+09  1.865E+09  7.748E+07 1.701E-13  882.0   937  1.209E+07  9.453E+05  1.732E+05  1.276E+07  153.9  153.9    5.1    4.0    5.0    7.0    7.0    6.1   14.6
2024  9 21 265 12.00  213.0   32.7  242.8  2.903E+09  1.798E+09  7.425E+07 1.651E-13  883.3   937  1.202E+07  8.974E+05  1.716E+05  1.262E+07  153.9  153.9    5.1    4.0    5.0    7.0    7.0    6.1   14.6
2024  9 21 265 12.00  214.0   32.7  242.8  2.842E+09  1.734E+09  7.117E+07 1.603E-13  884.6   937  1.196E+07  8.520E+05  1.701E+05  1.247E+07  153.9  153.9    5.1    4.0    5.0    7.0    7.0    6.1   14.6
2024  9 21 265 12.00  215.0   32.7  242.8  2.781E+09  1.672E+09  6.822E+07 1.557E-13  885.9   937  1.189E+07  8.090E+05  1.687E+05  1.232E+07  153.9  153.9    5.1    4.0    5.0    7.0    7.0    6.1   14.6
2024  9 21 265 12.00  216.0   32.7  242.8  2.723E+09  1.612E+09  6.541E+07 1.512E-13  887.1   937  1.182E+07  7.683E+05  1.673E+05  1.218E+07  153.9  153.9    5.1    4.0    5.0    7.0    7.0    6.1   14.6
2024  9 21 265 12.00  217.0   32.7  242.8  2.666E+09  1.555E+09  6.272E+07 1.469E-13  888.3   937  1.176E+07  7.297E+05  1.659E+05  1.203E+07  153.9  153.9    5.1    4.0    5.0    7.0    7.0    6.1   14.6
2024  9 21 265 12.00  218.0   32.7  242.8  2.610E+09  1.500E+09  6.016E+07 1.427E-13  889.5   937  1.169E+07  6.932E+05  1.646E+05  1.188E+07  153.9  153.9    5.1    4.0    5.0    7.0    7.0    6.1   14.6
2024  9 21 265 12.00  219.0   32.7  242.8  2.555E+09  1.447E+09  5.770E+07 1.387E-13  890.7   937  1.163E+07  6.586E+05  1.633E+05  1.173E+07  153.9  153.9    5.1    4.0    5.0    7.0    7.0    6.1   14.6
2024  9 21 265 12.00  220.0   32.7  242.8  2.502E+09  1.396E+09  5.535E+07 1.348E-13  891.8   937  1.156E+07  6.258E+05  1.621E+05  1.158E+07  153.9  153.9    5.1    4.0    5.0    7.0    7.0    6.1   14.6
2024  9 21 265 12.00  221.0   32.7  242.8  2.450E+09  1.347E+09  5.311E+07 1.310E-13  892.9   937  1.150E+07  5.948E+05  1.609E+05  1.143E+07  153.9  153.9    5.1    4.0    5.0    7.0    7.0    6.1   14.6
2024  9 21 265 12.00  222.0   32.7  242.8  2.400E+09  1.300E+09  5.096E+07 1.273E-13  894.0   937  1.144E+07  5.653E+05  1.598E+05  1.128E+07  153.9  153.9    5.1    4.0    5.0    7.0    7.0    6.1   14.6
2024  9 21 265 12.00  223.0   32.7  242.8  2.350E+09  1.254E+09  4.890E+07 1.238E-13  895.0   937  1.137E+07  5.374E+05  1.587E+05  1.113E+07  153.9  153.9    5.1    4.0    5.0    7.0    7.0    6.1   14.6
2024  9 21 265 12.00  224.0   32.7  242.8  2.302E+09  1.211E+09  4.694E+07 1.203E-13  896.0   937  1.131E+07  5.109E+05  1.577E+05  1.098E+07  153.9  153.9    5.1    4.0    5.0    7.0    7.0    6.1   14.6
2024  9 21 265 12.00  225.0   32.7  242.8  2.255E+09  1.168E+09  4.505E+07 1.170E-13  897.0   937  1.125E+07  4.857E+05  1.566E+05  1.083E+07  153.9  153.9    5.1    4.0    5.0    7.0    7.0    6.1   14.6
2024  9 21 265 12.00  226.0   32.7  242.8  2.209E+09  1.128E+09  4.325E+07 1.138E-13  898.0   937  1.119E+07  4.619E+05  1.557E+05  1.068E+07  153.9  153.9    5.1    4.0    5.0    7.0    7.0    6.1   14.6
2024  9 21 265 12.00  227.0   32.7  242.8  2.164E+09  1.089E+09  4.152E+07 1.107E-13  898.9   937  1.113E+07  4.393E+05  1.547E+05  1.053E+07  153.9  153.9    5.1    4.0    5.0    7.0    7.0    6.1   14.6
2024  9 21 265 12.00  228.0   32.7  242.8  2.120E+09  1.051E+09  3.987E+07 1.077E-13  899.9   937  1.107E+07  4.178E+05  1.538E+05  1.038E+07  153.9  153.9    5.1    4.0    5.0    7.0    7.0    6.1   14.6
2024  9 21 265 12.00  229.0   32.7  242.8  2.077E+09  1.015E+09  3.829E+07 1.047E-13  900.8   937  1.101E+07  3.974E+05  1.529E+05  1.023E+07  153.9  153.9    5.1    4.0    5.0    7.0    7.0    6.1   14.6
2024  9 21 265 12.00  230.0   32.7  242.8  2.034E+09  9.798E+08  3.677E+07 1.019E-13  901.6   937  1.095E+07  3.781E+05  1.520E+05  1.008E+07  153.9  153.9    5.1    4.0    5.0    7.0    7.0    6.1   14.6
2024  9 21 265 12.00  231.0   32.7  242.8  1.993E+09  9.461E+08  3.532E+07 9.917E-14  902.5   937  1.089E+07  3.597E+05  1.512E+05  9.938E+06  153.9  153.9    5.1    4.0    5.0    7.0    7.0    6.1   14.6
2024  9 21 265 12.00  232.0   32.7  242.8  1.953E+09  9.136E+08  3.393E+07 9.651E-14  903.3   937  1.083E+07  3.422E+05  1.504E+05  9.793E+06  153.9  153.9    5.1    4.0    5.0    7.0    7.0    6.1   14.6
2024  9 21 265 12.00  233.0   32.7  242.8  1.914E+09  8.822E+08  3.259E+07 9.394E-14  904.1   937  1.078E+07  3.257E+05  1.496E+05  9.649E+06  153.9  153.9    5.1    4.0    5.0    7.0    7.0    6.1   14.6
2024  9 21 265 12.00  234.0   32.7  242.8  1.876E+09  8.520E+08  3.131E+07 9.144E-14  904.9   937  1.072E+07  3.099E+05  1.488E+05  9.507E+06  153.9  153.9    5.1    4.0    5.0    7.0    7.0    6.1   14.6
2024  9 21 265 12.00  235.0   32.7  242.8  1.838E+09  8.229E+08  3.008E+07 8.902E-14  905.7   937  1.066E+07  2.950E+05  1.481E+05  9.365E+06  153.9  153.9    5.1    4.0    5.0    7.0    7.0    6.1   14.6
2024  9 21 265 12.00  236.0   32.7  242.8  1.801E+09  7.949E+08  2.891E+07 8.667E-14  906.5   937  1.061E+07  2.808E+05  1.473E+05  9.225E+06  153.9  153.9    5.1    4.0    5.0    7.0    7.0    6.1   14.6
2024  9 21 265 12.00  237.0   32.7  242.8  1.765E+09  7.678E+08  2.778E+07 8.439E-14  907.2   937  1.055E+07  2.673E+05  1.466E+05  9.087E+06  153.9  153.9    5.1    4.0    5.0    7.0    7.0    6.1   14.6
2024  9 21 265 12.00  238.0   32.7  242.8  1.730E+09  7.417E+08  2.670E+07 8.218E-14  907.9   937  1.050E+07  2.545E+05  1.460E+05  8.949E+06  153.9  153.9    5.1    4.0    5.0    7.0    7.0    6.1   14.6
2024  9 21 265 12.00  239.0   32.7  242.8  1.696E+09  7.165E+08  2.566E+07 8.004E-14  908.6   937  1.044E+07  2.423E+05  1.453E+05  8.814E+06  153.9  153.9    5.1    4.0    5.0    7.0    7.0    6.1   14.6
2024  9 21 265 12.00  240.0   32.7  242.8  1.662E+09  6.923E+08  2.466E+07 7.796E-14  909.3   937  1.039E+07  2.307E+05  1.447E+05  8.679E+06  153.9  153.9    5.1    4.0    5.0    7.0    7.0    6.1   14.6
2024  9 21 265 12.00  241.0   32.7  242.8  1.629E+09  6.688E+08  2.371E+07 7.595E-14  910.0   937  1.033E+07  2.197E+05  1.440E+05  8.546E+06  153.9  153.9    5.1    4.0    5.0    7.0    7.0    6.1   14.6
2024  9 21 265 12.00  242.0   32.7  242.8  1.597E+09  6.462E+08  2.279E+07 7.399E-14  910.7   937  1.028E+07  2.092E+05  1.434E+05  8.415E+06  153.9  153.9    5.1    4.0    5.0    7.0    7.0    6.1   14.6
2024  9 21 265 12.00  243.0   32.7  242.8  1.566E+09  6.245E+08  2.191E+07 7.209E-14  911.3   937  1.023E+07  1.992E+05  1.429E+05  8.285E+06  153.9  153.9    5.1    4.0    5.0    7.0    7.0    6.1   14.6
2024  9 21 265 12.00  244.0   32.7  242.8  1.535E+09  6.034E+08  2.107E+07 7.024E-14  911.9   937  1.017E+07  1.897E+05  1.423E+05  8.157E+06  153.9  153.9    5.1    4.0    5.0    7.0    7.0    6.1   14.6
2024  9 21 265 12.00  245.0   32.7  242.8  1.505E+09  5.831E+08  2.026E+07 6.845E-14  912.5   937  1.012E+07  1.807E+05  1.417E+05  8.030E+06  153.9  153.9    5.1    4.0    5.0    7.0    7.0    6.1   14.6
2024  9 21 265 12.00  246.0   32.7  242.8  1.475E+09  5.635E+08  1.948E+07 6.671E-14  913.1   937  1.007E+07  1.722E+05  1.412E+05  7.905E+06  153.9  153.9    5.1    4.0    5.0    7.0    7.0    6.1   14.6
2024  9 21 265 12.00  247.0   32.7  242.8  1.447E+09  5.446E+08  1.873E+07 6.502E-14  913.7   937  1.002E+07  1.640E+05  1.407E+05  7.782E+06  153.9  153.9    5.1    4.0    5.0    7.0    7.0    6.1   14.6
2024  9 21 265 12.00  248.0   32.7  242.8  1.418E+09  5.264E+08  1.802E+07 6.338E-14  914.3   937  9.964E+06  1.563E+05  1.402E+05  7.660E+06  153.9  153.9    5.1    4.0    5.0    7.0    7.0    6.1   14.6
2024  9 21 265 12.00  249.0   32.7  242.8  1.391E+09  5.088E+08  1.733E+07 6.179E-14  914.8   937  9.914E+06  1.489E+05  1.397E+05  7.540E+06  153.9  153.9    5.1    4.0    5.0    7.0    7.0    6.1   14.6
2024  9 21 265 12.00  250.0   32.7  242.8  1.364E+09  4.918E+08  1.667E+07 6.024E-14  915.3   937  9.863E+06  1.419E+05  1.392E+05  7.421E+06  153.9  153.9    5.1    4.0    5.0    7.0    7.0    6.1   14.6
2024  9 21 265 12.00  251.0   32.7  242.8  1.337E+09  4.754E+08  1.603E+07 5.873E-14  915.9   937  9.813E+06  1.352E+05  1.387E+05  7.304E+06  153.9  153.9    5.1    4.0    5.0    7.0    7.0    6.1   14.6
2024  9 21 265 12.00  252.0   32.7  242.8  1.311E+09  4.595E+08  1.542E+07 5.727E-14  916.4   937  9.763E+06  1.288E+05  1.382E+05  7.188E+06  153.9  153.9    5.1    4.0    5.0    7.0    7.0    6.1   14.6
2024  9 21 265 12.00  253.0   32.7  242.8  1.286E+09  4.443E+08  1.483E+07 5.585E-14  916.9   937  9.713E+06  1.228E+05  1.378E+05  7.074E+06  153.9  153.9    5.1    4.0    5.0    7.0    7.0    6.1   14.6
2024  9 21 265 12.00  254.0   32.7  242.8  1.261E+09  4.295E+08  1.427E+07 5.447E-14  917.4   937  9.664E+06  1.170E+05  1.374E+05  6.962E+06  153.9  153.9    5.1    4.0    5.0    7.0    7.0    6.1   14.6
2024  9 21 265 12.00  255.0   32.7  242.8  1.237E+09  4.152E+08  1.373E+07 5.313E-14  917.8   937  9.615E+06  1.115E+05  1.369E+05  6.852E+06  153.9  153.9    5.1    4.0    5.0    7.0    7.0    6.1   14.6
2024  9 21 265 12.00  256.0   32.7  242.8  1.213E+09  4.015E+08  1.321E+07 5.182E-14  918.3   937  9.566E+06  1.063E+05  1.365E+05  6.743E+06  153.9  153.9    5.1    4.0    5.0    7.0    7.0    6.1   14.6
2024  9 21 265 12.00  257.0   32.7  242.8  1.189E+09  3.882E+08  1.271E+07 5.055E-14  918.8   937  9.518E+06  1.013E+05  1.361E+05  6.635E+06  153.9  153.9    5.1    4.0    5.0    7.0    7.0    6.1   14.6
2024  9 21 265 12.00  258.0   32.7  242.8  1.166E+09  3.753E+08  1.223E+07 4.932E-14  919.2   937  9.470E+06  9.658E+04  1.357E+05  6.529E+06  153.9  153.9    5.1    4.0    5.0    7.0    7.0    6.1   14.6
2024  9 21 265 12.00  259.0   32.7  242.8  1.144E+09  3.629E+08  1.177E+07 4.812E-14  919.6   937  9.423E+06  9.207E+04  1.353E+05  6.425E+06  153.9  153.9    5.1    4.0    5.0    7.0    7.0    6.1   14.6
2024  9 21 265 12.00  260.0   32.7  242.8  1.122E+09  3.509E+08  1.133E+07 4.695E-14  920.0   937  9.376E+06  8.778E+04  1.349E+05  6.322E+06  153.9  153.9    5.1    4.0    5.0    7.0    7.0    6.1   14.6
2024  9 21 265 12.00  261.0   32.7  242.8  1.101E+09  3.394E+08  1.090E+07 4.582E-14  920.5   937  9.329E+06  8.369E+04  1.346E+05  6.221E+06  153.9  153.9    5.1    4.0    5.0    7.0    7.0    6.1   14.6
2024  9 21 265 12.00  262.0   32.7  242.8  1.080E+09  3.282E+08  1.049E+07 4.471E-14  920.9   937  9.282E+06  7.979E+04  1.342E+05  6.121E+06  153.9  153.9    5.1    4.0    5.0    7.0    7.0    6.1   14.6
2024  9 21 265 12.00  263.0   32.7  242.8  1.059E+09  3.174E+08  1.010E+07 4.364E-14  921.2   937  9.236E+06  7.608E+04  1.338E+05  6.023E+06  153.9  153.9    5.1    4.0    5.0    7.0    7.0    6.1   14.6
2024  9 21 265 12.00  264.0   32.7  242.8  1.039E+09  3.069E+08  9.718E+06 4.259E-14  921.6   937  9.190E+06  7.255E+04  1.335E+05  5.926E+06  153.9  153.9    5.1    4.0    5.0    7.0    7.0    6.1   14.6
2024  9 21 265 12.00  265.0   32.7  242.8  1.019E+09  2.969E+08  9.354E+06 4.158E-14  922.0   937  9.144E+06  6.918E+04  1.331E+05  5.831E+06  153.9  153.9    5.1    4.0    5.0    7.0    7.0    6.1   14.6
2024  9 21 265 12.00  266.0   32.7  242.8  9.995E+08  2.871E+08  9.004E+06 4.059E-14  922.4   937  9.099E+06  6.598E+04  1.328E+05  5.737E+06  153.9  153.9    5.1    4.0    5.0    7.0    7.0    6.1   14.6
2024  9 21 265 12.00  267.0   32.7  242.8  9.805E+08  2.777E+08  8.667E+06 3.962E-14  922.7   937  9.054E+06  6.292E+04  1.325E+05  5.645E+06  153.9  153.9    5.1    4.0    5.0    7.0    7.0    6.1   14.6
2024  9 21 265 12.00  268.0   32.7  242.8  9.618E+08  2.686E+08  8.343E+06 3.869E-14  923.1   937  9.009E+06  6.001E+04  1.322E+05  5.554E+06  153.9  153.9    5.1    4.0    5.0    7.0    7.0    6.1   14.6
2024  9 21 265 12.00  269.0   32.7  242.8  9.436E+08  2.598E+08  8.032E+06 3.777E-14  923.4   937  8.965E+06  5.723E+04  1.318E+05  5.465E+06  153.9  153.9    5.1    4.0    5.0    7.0    7.0    6.1   14.6
2024  9 21 265 12.00  270.0   32.7  242.8  9.257E+08  2.513E+08  7.732E+06 3.688E-14  923.7   937  8.920E+06  5.459E+04  1.315E+05  5.377E+06  153.9  153.9    5.1    4.0    5.0    7.0    7.0    6.1   14.6
2024  9 21 265 12.00  271.0   32.7  242.8  9.082E+08  2.431E+08  7.444E+06 3.602E-14  924.0   937  8.877E+06  5.207E+04  1.312E+05  5.290E+06  153.9  153.9    5.1    4.0    5.0    7.0    7.0    6.1   14.6
2024  9 21 265 12.00  272.0   32.7  242.8  8.910E+08  2.352E+08  7.167E+06 3.518E-14  924.4   937  8.833E+06  4.967E+04  1.309E+05  5.205E+06  153.9  153.9    5.1    4.0    5.0    7.0    7.0    6.1   14.6
2024  9 21 265 12.00  273.0   32.7  242.8  8.742E+08  2.275E+08  6.901E+06 3.436E-14  924.7   937  8.790E+06  4.738E+04  1.306E+05  5.121E+06  153.9  153.9    5.1    4.0    5.0    7.0    7.0    6.1   14.6
2024  9 21 265 12.00  274.0   32.7  242.8  8.577E+08  2.201E+08  6.645E+06 3.356E-14  925.0   937  8.747E+06  4.520E+04  1.303E+05  5.038E+06  153.9  153.9    5.1    4.0    5.0    7.0    7.0    6.1   14.6
2024  9 21 265 12.00  275.0   32.7  242.8  8.415E+08  2.129E+08  6.398E+06 3.278E-14  925.3   937  8.704E+06  4.312E+04  1.301E+05  4.957E+06  153.9  153.9    5.1    4.0    5.0    7.0    7.0    6.1   14.6
2024  9 21 265 12.00  276.0   32.7  242.8  8.257E+08  2.060E+08  6.161E+06 3.202E-14  925.5   937  8.661E+06  4.114E+04  1.298E+05  4.877E+06  153.9  153.9    5.1    4.0    5.0    7.0    7.0    6.1   14.6
2024  9 21 265 12.00  277.0   32.7  242.8  8.101E+08  1.993E+08  5.933E+06 3.128E-14  925.8   937  8.619E+06  3.925E+04  1.295E+05  4.799E+06  153.9  153.9    5.1    4.0    5.0    7.0    7.0    6.1   14.6
2024  9 21 265 12.00  278.0   32.7  242.8  7.949E+08  1.928E+08  5.713E+06 3.056E-14  926.1   937  8.577E+06  3.745E+04  1.292E+05  4.721E+06  153.9  153.9    5.1    4.0    5.0    7.0    7.0    6.1   14.6
2024  9 21 265 12.00  279.0   32.7  242.8  7.800E+08  1.866E+08  5.502E+06 2.986E-14  926.3   937  8.535E+06  3.573E+04  1.290E+05  4.645E+06  153.9  153.9    5.1    4.0    5.0    7.0    7.0    6.1   14.6
2024  9 21 265 12.00  280.0   32.7  242.8  7.653E+08  1.805E+08  5.298E+06 2.918E-14  926.6   937  8.494E+06  3.409E+04  1.287E+05  4.570E+06  153.9  153.9    5.1    4.0    5.0    7.0    7.0    6.1   14.6
2024  9 21 265 12.00  281.0   32.7  242.8  7.510E+08  1.747E+08  5.103E+06 2.851E-14  926.9   937  8.453E+06  3.253E+04  1.285E+05  4.496E+06  153.9  153.9    5.1    4.0    5.0    7.0    7.0    6.1   14.6
2024  9 21 265 12.00  282.0   32.7  242.8  7.369E+08  1.690E+08  4.914E+06 2.786E-14  927.1   937  8.412E+06  3.104E+04  1.282E+05  4.424E+06  153.9  153.9    5.1    4.0    5.0    7.0    7.0    6.1   14.6
2024  9 21 265 12.00  283.0   32.7  242.8  7.231E+08  1.636E+08  4.733E+06 2.723E-14  927.3   937  8.371E+06  2.962E+04  1.280E+05  4.352E+06  153.9  153.9    5.1    4.0    5.0    7.0    7.0    6.1   14.6
2024  9 21 265 12.00  284.0   32.7  242.8  7.096E+08  1.583E+08  4.559E+06 2.661E-14  927.6   937  8.331E+06  2.827E+04  1.277E+05  4.282E+06  153.9  153.9    5.1    4.0    5.0    7.0    7.0    6.1   14.6
2024  9 21 265 12.00  285.0   32.7  242.8  6.963E+08  1.532E+08  4.391E+06 2.601E-14  927.8   937  8.291E+06  2.698E+04  1.275E+05  4.213E+06  153.9  153.9    5.1    4.0    5.0    7.0    7.0    6.1   14.6
2024  9 21 265 12.00  286.0   32.7  242.8  6.833E+08  1.482E+08  4.230E+06 2.543E-14  928.0   937  8.251E+06  2.575E+04  1.273E+05  4.145E+06  153.9  153.9    5.1    4.0    5.0    7.0    7.0    6.1   14.6
2024  9 21 265 12.00  287.0   32.7  242.8  6.706E+08  1.434E+08  4.074E+06 2.486E-14  928.2   937  8.211E+06  2.457E+04  1.270E+05  4.078E+06  153.9  153.9    5.1    4.0    5.0    7.0    7.0    6.1   14.6
2024  9 21 265 12.00  288.0   32.7  242.8  6.581E+08  1.388E+08  3.924E+06 2.430E-14  928.5   937  8.172E+06  2.345E+04  1.268E+05  4.013E+06  153.9  153.9    5.1    4.0    5.0    7.0    7.0    6.1   14.6
2024  9 21 265 12.00  289.0   32.7  242.8  6.458E+08  1.343E+08  3.780E+06 2.376E-14  928.7   937  8.132E+06  2.239E+04  1.266E+05  3.948E+06  153.9  153.9    5.1    4.0    5.0    7.0    7.0    6.1   14.6
2024  9 21 265 12.00  290.0   32.7  242.8  6.338E+08  1.300E+08  3.642E+06 2.323E-14  928.9   937  8.093E+06  2.137E+04  1.263E+05  3.884E+06  153.9  153.9    5.1    4.0    5.0    7.0    7.0    6.1   14.6
2024  9 21 265 12.00  291.0   32.7  242.8  6.220E+08  1.258E+08  3.508E+06 2.271E-14  929.1   937  8.055E+06  2.039E+04  1.261E+05  3.822E+06  153.9  153.9    5.1    4.0    5.0    7.0    7.0    6.1   14.6
2024  9 21 265 12.00  292.0   32.7  242.8  6.105E+08  1.218E+08  3.380E+06 2.221E-14  929.3   937  8.016E+06  1.947E+04  1.259E+05  3.760E+06  153.9  153.9    5.1    4.0    5.0    7.0    7.0    6.1   14.6
2024  9 21 265 12.00  293.0   32.7  242.8  5.992E+08  1.179E+08  3.256E+06 2.172E-14  929.4   937  7.978E+06  1.858E+04  1.257E+05  3.700E+06  153.9  153.9    5.1    4.0    5.0    7.0    7.0    6.1   14.6
2024  9 21 265 12.00  294.0   32.7  242.8  5.881E+08  1.141E+08  3.137E+06 2.124E-14  929.6   937  7.940E+06  1.774E+04  1.255E+05  3.640E+06  153.9  153.9    5.1    4.0    5.0    7.0    7.0    6.1   14.6
2024  9 21 265 12.00  295.0   32.7  242.8  5.772E+08  1.104E+08  3.022E+06 2.077E-14  929.8   937  7.902E+06  1.693E+04  1.253E+05  3.582E+06  153.9  153.9    5.1    4.0    5.0    7.0    7.0    6.1   14.6
2024  9 21 265 12.00  296.0   32.7  242.8  5.665E+08  1.069E+08  2.912E+06 2.031E-14  930.0   937  7.864E+06  1.617E+04  1.250E+05  3.524E+06  153.9  153.9    5.1    4.0    5.0    7.0    7.0    6.1   14.6
2024  9 21 265 12.00  297.0   32.7  242.8  5.560E+08  1.035E+08  2.805E+06 1.987E-14  930.2   937  7.827E+06  1.543E+04  1.248E+05  3.467E+06  153.9  153.9    5.1    4.0    5.0    7.0    7.0    6.1   14.6
2024  9 21 265 12.00  298.0   32.7  242.8  5.457E+08  1.002E+08  2.703E+06 1.943E-14  930.3   937  7.790E+06  1.473E+04  1.246E+05  3.411E+06  153.9  153.9    5.1    4.0    5.0    7.0    7.0    6.1   14.6
2024  9 21 265 12.00  299.0   32.7  242.8  5.356E+08  9.695E+07  2.604E+06 1.901E-14  930.5   937  7.753E+06  1.407E+04  1.244E+05  3.357E+06  153.9  153.9    5.1    4.0    5.0    7.0    7.0    6.1   14.6