Since the F10.7 (3-month avg) of the requested date is not yet available, the value of F10.7 (daily) is used instead as the value of F10.7 (3-monthavg).
Year Mon Day DOY hour Heit(km) Lat  Lon Oden(cm-3) N2den(cm-3) O2den(cm-3) air(gm/cm3) T(K) exoT(K) Heden(cm-3)Arden(cm-3) Hden(cm-3) Nden(cm-3) F107 F107a apdaily  ap0-3 ap3-6 ap6-9 ap9-12 ap12-33 ap33-59
2024  9 21 265 12.00  600.0   32.7  242.8  2.688E+06  9.182E+03  6.606E+01 8.665E-17  937.2   937  2.055E+06  2.580E-02  8.810E+04  3.265E+04  153.9  153.9    5.1    4.0    5.0    7.0    7.0    6.1   14.6
2024  9 21 265 12.00  601.0   32.7  242.8  2.644E+06  8.916E+03  6.388E+01 8.538E-17  937.2   937  2.046E+06  2.474E-02  8.801E+04  3.217E+04  153.9  153.9    5.1    4.0    5.0    7.0    7.0    6.1   14.6
2024  9 21 265 12.00  602.0   32.7  242.8  2.600E+06  8.658E+03  6.177E+01 8.413E-17  937.2   937  2.037E+06  2.373E-02  8.792E+04  3.171E+04  153.9  153.9    5.1    4.0    5.0    7.0    7.0    6.1   14.6
2024  9 21 265 12.00  603.0   32.7  242.8  2.556E+06  8.408E+03  5.973E+01 8.290E-17  937.2   937  2.029E+06  2.275E-02  8.783E+04  3.124E+04  153.9  153.9    5.1    4.0    5.0    7.0    7.0    6.1   14.6
2024  9 21 265 12.00  604.0   32.7  242.8  2.514E+06  8.164E+03  5.776E+01 8.169E-17  937.2   937  2.020E+06  2.182E-02  8.773E+04  3.079E+04  153.9  153.9    5.1    4.0    5.0    7.0    7.0    6.1   14.6
2024  9 21 265 12.00  605.0   32.7  242.8  2.472E+06  7.928E+03  5.586E+01 8.050E-17  937.2   937  2.012E+06  2.093E-02  8.764E+04  3.034E+04  153.9  153.9    5.1    4.0    5.0    7.0    7.0    6.1   14.6
2024  9 21 265 12.00  606.0   32.7  242.8  2.431E+06  7.699E+03  5.401E+01 7.933E-17  937.2   937  2.003E+06  2.007E-02  8.755E+04  2.990E+04  153.9  153.9    5.1    4.0    5.0    7.0    7.0    6.1   14.6
2024  9 21 265 12.00  607.0   32.7  242.8  2.391E+06  7.476E+03  5.223E+01 7.818E-17  937.2   937  1.995E+06  1.925E-02  8.746E+04  2.946E+04  153.9  153.9    5.1    4.0    5.0    7.0    7.0    6.1   14.6
2024  9 21 265 12.00  608.0   32.7  242.8  2.351E+06  7.260E+03  5.051E+01 7.705E-17  937.2   937  1.987E+06  1.846E-02  8.737E+04  2.903E+04  153.9  153.9    5.1    4.0    5.0    7.0    7.0    6.1   14.6
2024  9 21 265 12.00  609.0   32.7  242.8  2.312E+06  7.050E+03  4.885E+01 7.594E-17  937.2   937  1.978E+06  1.770E-02  8.728E+04  2.861E+04  153.9  153.9    5.1    4.0    5.0    7.0    7.0    6.1   14.6
2024  9 21 265 12.00  610.0   32.7  242.8  2.273E+06  6.847E+03  4.724E+01 7.484E-17  937.2   937  1.970E+06  1.698E-02  8.719E+04  2.819E+04  153.9  153.9    5.1    4.0    5.0    7.0    7.0    6.1   14.6
2024  9 21 265 12.00  611.0   32.7  242.8  2.236E+06  6.649E+03  4.569E+01 7.377E-17  937.2   937  1.962E+06  1.628E-02  8.709E+04  2.778E+04  153.9  153.9    5.1    4.0    5.0    7.0    7.0    6.1   14.6
2024  9 21 265 12.00  612.0   32.7  242.8  2.199E+06  6.457E+03  4.418E+01 7.271E-17  937.2   937  1.954E+06  1.562E-02  8.700E+04  2.738E+04  153.9  153.9    5.1    4.0    5.0    7.0    7.0    6.1   14.6
2024  9 21 265 12.00  613.0   32.7  242.8  2.162E+06  6.271E+03  4.273E+01 7.167E-17  937.2   937  1.946E+06  1.498E-02  8.691E+04  2.698E+04  153.9  153.9    5.1    4.0    5.0    7.0    7.0    6.1   14.6
2024  9 21 265 12.00  614.0   32.7  242.8  2.126E+06  6.090E+03  4.132E+01 7.064E-17  937.2   937  1.938E+06  1.437E-02  8.682E+04  2.659E+04  153.9  153.9    5.1    4.0    5.0    7.0    7.0    6.1   14.6
2024  9 21 265 12.00  615.0   32.7  242.8  2.091E+06  5.914E+03  3.997E+01 6.963E-17  937.2   937  1.929E+06  1.378E-02  8.673E+04  2.620E+04  153.9  153.9    5.1    4.0    5.0    7.0    7.0    6.1   14.6
2024  9 21 265 12.00  616.0   32.7  242.8  2.056E+06  5.744E+03  3.865E+01 6.864E-17  937.2   937  1.921E+06  1.321E-02  8.664E+04  2.582E+04  153.9  153.9    5.1    4.0    5.0    7.0    7.0    6.1   14.6
2024  9 21 265 12.00  617.0   32.7  242.8  2.022E+06  5.578E+03  3.738E+01 6.767E-17  937.2   937  1.913E+06  1.267E-02  8.655E+04  2.545E+04  153.9  153.9    5.1    4.0    5.0    7.0    7.0    6.1   14.6
2024  9 21 265 12.00  618.0   32.7  242.8  1.989E+06  5.417E+03  3.615E+01 6.671E-17  937.2   937  1.905E+06  1.216E-02  8.646E+04  2.508E+04  153.9  153.9    5.1    4.0    5.0    7.0    7.0    6.1   14.6
2024  9 21 265 12.00  619.0   32.7  242.8  1.956E+06  5.261E+03  3.497E+01 6.576E-17  937.2   937  1.897E+06  1.166E-02  8.637E+04  2.472E+04  153.9  153.9    5.1    4.0    5.0    7.0    7.0    6.1   14.6
2024  9 21 265 12.00  620.0   32.7  242.8  1.924E+06  5.110E+03  3.382E+01 6.483E-17  937.2   937  1.890E+06  1.118E-02  8.628E+04  2.436E+04  153.9  153.9    5.1    4.0    5.0    7.0    7.0    6.1   14.6
2024  9 21 265 12.00  621.0   32.7  242.8  1.892E+06  4.962E+03  3.271E+01 6.392E-17  937.2   937  1.882E+06  1.073E-02  8.619E+04  2.400E+04  153.9  153.9    5.1    4.0    5.0    7.0    7.0    6.1   14.6
2024  9 21 265 12.00  622.0   32.7  242.8  1.860E+06  4.820E+03  3.163E+01 6.302E-17  937.2   937  1.874E+06  1.029E-02  8.610E+04  2.366E+04  153.9  153.9    5.1    4.0    5.0    7.0    7.0    6.1   14.6
2024  9 21 265 12.00  623.0   32.7  242.8  1.830E+06  4.681E+03  3.060E+01 6.214E-17  937.2   937  1.866E+06  9.871E-03  8.601E+04  2.331E+04  153.9  153.9    5.1    4.0    5.0    7.0    7.0    6.1   14.6
2024  9 21 265 12.00  624.0   32.7  242.8  1.799E+06  4.546E+03  2.959E+01 6.127E-17  937.2   937  1.858E+06  9.468E-03  8.592E+04  2.297E+04  153.9  153.9    5.1    4.0    5.0    7.0    7.0    6.1   14.6
2024  9 21 265 12.00  625.0   32.7  242.8  1.770E+06  4.415E+03  2.862E+01 6.041E-17  937.2   937  1.851E+06  9.082E-03  8.583E+04  2.264E+04  153.9  153.9    5.1    4.0    5.0    7.0    7.0    6.1   14.6
2024  9 21 265 12.00  626.0   32.7  242.8  1.740E+06  4.288E+03  2.768E+01 5.957E-17  937.2   937  1.843E+06  8.712E-03  8.574E+04  2.231E+04  153.9  153.9    5.1    4.0    5.0    7.0    7.0    6.1   14.6
2024  9 21 265 12.00  627.0   32.7  242.8  1.712E+06  4.165E+03  2.678E+01 5.874E-17  937.2   937  1.835E+06  8.357E-03  8.565E+04  2.199E+04  153.9  153.9    5.1    4.0    5.0    7.0    7.0    6.1   14.6
2024  9 21 265 12.00  628.0   32.7  242.8  1.683E+06  4.046E+03  2.590E+01 5.792E-17  937.2   937  1.828E+06  8.017E-03  8.556E+04  2.167E+04  153.9  153.9    5.1    4.0    5.0    7.0    7.0    6.1   14.6
2024  9 21 265 12.00  629.0   32.7  242.8  1.656E+06  3.929E+03  2.505E+01 5.712E-17  937.2   937  1.820E+06  7.691E-03  8.547E+04  2.136E+04  153.9  153.9    5.1    4.0    5.0    7.0    7.0    6.1   14.6
2024  9 21 265 12.00  630.0   32.7  242.8  1.628E+06  3.816E+03  2.423E+01 5.633E-17  937.2   937  1.812E+06  7.377E-03  8.539E+04  2.105E+04  153.9  153.9    5.1    4.0    5.0    7.0    7.0    6.1   14.6
2024  9 21 265 12.00  631.0   32.7  242.8  1.601E+06  3.707E+03  2.344E+01 5.556E-17  937.2   937  1.805E+06  7.077E-03  8.530E+04  2.075E+04  153.9  153.9    5.1    4.0    5.0    7.0    7.0    6.1   14.6
2024  9 21 265 12.00  632.0   32.7  242.8  1.575E+06  3.600E+03  2.267E+01 5.479E-17  937.2   937  1.797E+06  6.789E-03  8.521E+04  2.045E+04  153.9  153.9    5.1    4.0    5.0    7.0    7.0    6.1   14.6
2024  9 21 265 12.00  633.0   32.7  242.8  1.549E+06  3.497E+03  2.193E+01 5.404E-17  937.2   937  1.790E+06  6.513E-03  8.512E+04  2.015E+04  153.9  153.9    5.1    4.0    5.0    7.0    7.0    6.1   14.6
2024  9 21 265 12.00  634.0   32.7  242.8  1.523E+06  3.397E+03  2.121E+01 5.330E-17  937.2   937  1.783E+06  6.248E-03  8.503E+04  1.986E+04  153.9  153.9    5.1    4.0    5.0    7.0    7.0    6.1   14.6
2024  9 21 265 12.00  635.0   32.7  242.8  1.498E+06  3.299E+03  2.052E+01 5.257E-17  937.2   937  1.775E+06  5.994E-03  8.494E+04  1.957E+04  153.9  153.9    5.1    4.0    5.0    7.0    7.0    6.1   14.6
2024  9 21 265 12.00  636.0   32.7  242.8  1.474E+06  3.205E+03  1.985E+01 5.185E-17  937.2   937  1.768E+06  5.751E-03  8.485E+04  1.929E+04  153.9  153.9    5.1    4.0    5.0    7.0    7.0    6.1   14.6
2024  9 21 265 12.00  637.0   32.7  242.8  1.449E+06  3.113E+03  1.920E+01 5.115E-17  937.2   937  1.760E+06  5.517E-03  8.477E+04  1.901E+04  153.9  153.9    5.1    4.0    5.0    7.0    7.0    6.1   14.6
2024  9 21 265 12.00  638.0   32.7  242.8  1.426E+06  3.024E+03  1.857E+01 5.045E-17  937.2   937  1.753E+06  5.293E-03  8.468E+04  1.874E+04  153.9  153.9    5.1    4.0    5.0    7.0    7.0    6.1   14.6
2024  9 21 265 12.00  639.0   32.7  242.8  1.402E+06  2.937E+03  1.797E+01 4.977E-17  937.2   937  1.746E+06  5.078E-03  8.459E+04  1.847E+04  153.9  153.9    5.1    4.0    5.0    7.0    7.0    6.1   14.6
2024  9 21 265 12.00  640.0   32.7  242.8  1.379E+06  2.853E+03  1.738E+01 4.910E-17  937.2   937  1.739E+06  4.872E-03  8.450E+04  1.820E+04  153.9  153.9    5.1    4.0    5.0    7.0    7.0    6.1   14.6
2024  9 21 265 12.00  641.0   32.7  242.8  1.356E+06  2.771E+03  1.681E+01 4.844E-17  937.2   937  1.731E+06  4.674E-03  8.442E+04  1.794E+04  153.9  153.9    5.1    4.0    5.0    7.0    7.0    6.1   14.6
2024  9 21 265 12.00  642.0   32.7  242.8  1.334E+06  2.692E+03  1.626E+01 4.779E-17  937.2   937  1.724E+06  4.485E-03  8.433E+04  1.768E+04  153.9  153.9    5.1    4.0    5.0    7.0    7.0    6.1   14.6
2024  9 21 265 12.00  643.0   32.7  242.8  1.312E+06  2.615E+03  1.573E+01 4.715E-17  937.2   937  1.717E+06  4.303E-03  8.424E+04  1.742E+04  153.9  153.9    5.1    4.0    5.0    7.0    7.0    6.1   14.6
2024  9 21 265 12.00  644.0   32.7  242.8  1.290E+06  2.540E+03  1.522E+01 4.652E-17  937.2   937  1.710E+06  4.128E-03  8.415E+04  1.717E+04  153.9  153.9    5.1    4.0    5.0    7.0    7.0    6.1   14.6
2024  9 21 265 12.00  645.0   32.7  242.8  1.269E+06  2.467E+03  1.472E+01 4.590E-17  937.2   937  1.703E+06  3.961E-03  8.407E+04  1.693E+04  153.9  153.9    5.1    4.0    5.0    7.0    7.0    6.1   14.6
2024  9 21 265 12.00  646.0   32.7  242.8  1.248E+06  2.397E+03  1.424E+01 4.529E-17  937.2   937  1.696E+06  3.800E-03  8.398E+04  1.668E+04  153.9  153.9    5.1    4.0    5.0    7.0    7.0    6.1   14.6
2024  9 21 265 12.00  647.0   32.7  242.8  1.228E+06  2.328E+03  1.378E+01 4.469E-17  937.2   937  1.689E+06  3.646E-03  8.389E+04  1.644E+04  153.9  153.9    5.1    4.0    5.0    7.0    7.0    6.1   14.6
2024  9 21 265 12.00  648.0   32.7  242.8  1.208E+06  2.262E+03  1.333E+01 4.409E-17  937.2   937  1.682E+06  3.499E-03  8.381E+04  1.621E+04  153.9  153.9    5.1    4.0    5.0    7.0    7.0    6.1   14.6
2024  9 21 265 12.00  649.0   32.7  242.8  1.188E+06  2.197E+03  1.290E+01 4.351E-17  937.2   937  1.675E+06  3.357E-03  8.372E+04  1.597E+04  153.9  153.9    5.1    4.0    5.0    7.0    7.0    6.1   14.6
2024  9 21 265 12.00  650.0   32.7  242.8  1.168E+06  2.134E+03  1.248E+01 4.294E-17  937.2   937  1.668E+06  3.221E-03  8.363E+04  1.574E+04  153.9  153.9    5.1    4.0    5.0    7.0    7.0    6.1   14.6
2024  9 21 265 12.00  651.0   32.7  242.8  1.149E+06  2.073E+03  1.207E+01 4.237E-17  937.2   937  1.661E+06  3.091E-03  8.355E+04  1.552E+04  153.9  153.9    5.1    4.0    5.0    7.0    7.0    6.1   14.6
2024  9 21 265 12.00  652.0   32.7  242.8  1.130E+06  2.014E+03  1.168E+01 4.182E-17  937.2   937  1.654E+06  2.966E-03  8.346E+04  1.529E+04  153.9  153.9    5.1    4.0    5.0    7.0    7.0    6.1   14.6
2024  9 21 265 12.00  653.0   32.7  242.8  1.112E+06  1.957E+03  1.130E+01 4.127E-17  937.2   937  1.648E+06  2.846E-03  8.337E+04  1.507E+04  153.9  153.9    5.1    4.0    5.0    7.0    7.0    6.1   14.6
2024  9 21 265 12.00  654.0   32.7  242.8  1.094E+06  1.901E+03  1.093E+01 4.074E-17  937.2   937  1.641E+06  2.731E-03  8.329E+04  1.486E+04  153.9  153.9    5.1    4.0    5.0    7.0    7.0    6.1   14.6
2024  9 21 265 12.00  655.0   32.7  242.8  1.076E+06  1.847E+03  1.058E+01 4.021E-17  937.2   937  1.634E+06  2.620E-03  8.320E+04  1.464E+04  153.9  153.9    5.1    4.0    5.0    7.0    7.0    6.1   14.6
2024  9 21 265 12.00  656.0   32.7  242.8  1.058E+06  1.794E+03  1.023E+01 3.969E-17  937.2   937  1.627E+06  2.515E-03  8.312E+04  1.443E+04  153.9  153.9    5.1    4.0    5.0    7.0    7.0    6.1   14.6
2024  9 21 265 12.00  657.0   32.7  242.8  1.041E+06  1.743E+03  9.899E+00 3.917E-17  937.2   937  1.621E+06  2.413E-03  8.303E+04  1.423E+04  153.9  153.9    5.1    4.0    5.0    7.0    7.0    6.1   14.6
2024  9 21 265 12.00  658.0   32.7  242.8  1.024E+06  1.693E+03  9.578E+00 3.867E-17  937.2   937  1.614E+06  2.315E-03  8.294E+04  1.402E+04  153.9  153.9    5.1    4.0    5.0    7.0    7.0    6.1   14.6
2024  9 21 265 12.00  659.0   32.7  242.8  1.007E+06  1.645E+03  9.267E+00 3.817E-17  937.2   937  1.607E+06  2.222E-03  8.286E+04  1.382E+04  153.9  153.9    5.1    4.0    5.0    7.0    7.0    6.1   14.6
2024  9 21 265 12.00  660.0   32.7  242.8  9.904E+05  1.598E+03  8.966E+00 3.768E-17  937.2   937  1.601E+06  2.132E-03  8.277E+04  1.362E+04  153.9  153.9    5.1    4.0    5.0    7.0    7.0    6.1   14.6
2024  9 21 265 12.00  661.0   32.7  242.8  9.742E+05  1.553E+03  8.675E+00 3.720E-17  937.2   937  1.594E+06  2.046E-03  8.269E+04  1.343E+04  153.9  153.9    5.1    4.0    5.0    7.0    7.0    6.1   14.6
2024  9 21 265 12.00  662.0   32.7  242.8  9.583E+05  1.509E+03  8.393E+00 3.673E-17  937.2   937  1.587E+06  1.964E-03  8.260E+04  1.323E+04  153.9  153.9    5.1    4.0    5.0    7.0    7.0    6.1   14.6
2024  9 21 265 12.00  663.0   32.7  242.8  9.426E+05  1.466E+03  8.121E+00 3.626E-17  937.2   937  1.581E+06  1.884E-03  8.252E+04  1.304E+04  153.9  153.9    5.1    4.0    5.0    7.0    7.0    6.1   14.6
2024  9 21 265 12.00  664.0   32.7  242.8  9.272E+05  1.424E+03  7.858E+00 3.580E-17  937.2   937  1.574E+06  1.808E-03  8.243E+04  1.286E+04  153.9  153.9    5.1    4.0    5.0    7.0    7.0    6.1   14.6
2024  9 21 265 12.00  665.0   32.7  242.8  9.121E+05  1.383E+03  7.603E+00 3.535E-17  937.2   937  1.568E+06  1.736E-03  8.235E+04  1.267E+04  153.9  153.9    5.1    4.0    5.0    7.0    7.0    6.1   14.6
2024  9 21 265 12.00  666.0   32.7  242.8  8.972E+05  1.344E+03  7.357E+00 3.490E-17  937.2   937  1.562E+06  1.666E-03  8.226E+04  1.249E+04  153.9  153.9    5.1    4.0    5.0    7.0    7.0    6.1   14.6
2024  9 21 265 12.00  667.0   32.7  242.8  8.825E+05  1.306E+03  7.118E+00 3.446E-17  937.2   937  1.555E+06  1.599E-03  8.218E+04  1.231E+04  153.9  153.9    5.1    4.0    5.0    7.0    7.0    6.1   14.6
2024  9 21 265 12.00  668.0   32.7  242.8  8.681E+05  1.269E+03  6.888E+00 3.403E-17  937.2   937  1.549E+06  1.534E-03  8.209E+04  1.214E+04  153.9  153.9    5.1    4.0    5.0    7.0    7.0    6.1   14.6
2024  9 21 265 12.00  669.0   32.7  242.8  8.539E+05  1.233E+03  6.665E+00 3.361E-17  937.2   937  1.542E+06  1.472E-03  8.201E+04  1.196E+04  153.9  153.9    5.1    4.0    5.0    7.0    7.0    6.1   14.6
2024  9 21 265 12.00  670.0   32.7  242.8  8.400E+05  1.198E+03  6.449E+00 3.319E-17  937.2   937  1.536E+06  1.413E-03  8.192E+04  1.179E+04  153.9  153.9    5.1    4.0    5.0    7.0    7.0    6.1   14.6
2024  9 21 265 12.00  671.0   32.7  242.8  8.263E+05  1.164E+03  6.240E+00 3.277E-17  937.2   937  1.530E+06  1.356E-03  8.184E+04  1.162E+04  153.9  153.9    5.1    4.0    5.0    7.0    7.0    6.1   14.6
2024  9 21 265 12.00  672.0   32.7  242.8  8.128E+05  1.131E+03  6.038E+00 3.237E-17  937.2   937  1.523E+06  1.302E-03  8.176E+04  1.146E+04  153.9  153.9    5.1    4.0    5.0    7.0    7.0    6.1   14.6
2024  9 21 265 12.00  673.0   32.7  242.8  7.995E+05  1.099E+03  5.843E+00 3.197E-17  937.2   937  1.517E+06  1.249E-03  8.167E+04  1.129E+04  153.9  153.9    5.1    4.0    5.0    7.0    7.0    6.1   14.6
2024  9 21 265 12.00  674.0   32.7  242.8  7.865E+05  1.067E+03  5.654E+00 3.158E-17  937.2   937  1.511E+06  1.199E-03  8.159E+04  1.113E+04  153.9  153.9    5.1    4.0    5.0    7.0    7.0    6.1   14.6
2024  9 21 265 12.00  675.0   32.7  242.8  7.737E+05  1.037E+03  5.471E+00 3.119E-17  937.2   937  1.505E+06  1.151E-03  8.150E+04  1.097E+04  153.9  153.9    5.1    4.0    5.0    7.0    7.0    6.1   14.6
2024  9 21 265 12.00  676.0   32.7  242.8  7.611E+05  1.008E+03  5.294E+00 3.081E-17  937.2   937  1.499E+06  1.105E-03  8.142E+04  1.082E+04  153.9  153.9    5.1    4.0    5.0    7.0    7.0    6.1   14.6
2024  9 21 265 12.00  677.0   32.7  242.8  7.487E+05  9.792E+02  5.123E+00 3.043E-17  937.2   937  1.492E+06  1.060E-03  8.134E+04  1.066E+04  153.9  153.9    5.1    4.0    5.0    7.0    7.0    6.1   14.6
2024  9 21 265 12.00  678.0   32.7  242.8  7.365E+05  9.514E+02  4.958E+00 3.006E-17  937.2   937  1.486E+06  1.018E-03  8.125E+04  1.051E+04  153.9  153.9    5.1    4.0    5.0    7.0    7.0    6.1   14.6
2024  9 21 265 12.00  679.0   32.7  242.8  7.245E+05  9.245E+02  4.798E+00 2.970E-17  937.2   937  1.480E+06  9.768E-04  8.117E+04  1.036E+04  153.9  153.9    5.1    4.0    5.0    7.0    7.0    6.1   14.6
2024  9 21 265 12.00  680.0   32.7  242.8  7.127E+05  8.983E+02  4.643E+00 2.934E-17  937.2   937  1.474E+06  9.376E-04  8.109E+04  1.021E+04  153.9  153.9    5.1    4.0    5.0    7.0    7.0    6.1   14.6
2024  9 21 265 12.00  681.0   32.7  242.8  7.011E+05  8.729E+02  4.493E+00 2.898E-17  937.2   937  1.468E+06  9.000E-04  8.100E+04  1.007E+04  153.9  153.9    5.1    4.0    5.0    7.0    7.0    6.1   14.6
2024  9 21 265 12.00  682.0   32.7  242.8  6.897E+05  8.482E+02  4.348E+00 2.864E-17  937.2   937  1.462E+06  8.639E-04  8.092E+04  9.923E+03  153.9  153.9    5.1    4.0    5.0    7.0    7.0    6.1   14.6
2024  9 21 265 12.00  683.0   32.7  242.8  6.785E+05  8.242E+02  4.208E+00 2.829E-17  937.2   937  1.456E+06  8.292E-04  8.084E+04  9.782E+03  153.9  153.9    5.1    4.0    5.0    7.0    7.0    6.1   14.6
2024  9 21 265 12.00  684.0   32.7  242.8  6.675E+05  8.009E+02  4.072E+00 2.795E-17  937.2   937  1.450E+06  7.960E-04  8.076E+04  9.643E+03  153.9  153.9    5.1    4.0    5.0    7.0    7.0    6.1   14.6
2024  9 21 265 12.00  685.0   32.7  242.8  6.566E+05  7.782E+02  3.941E+00 2.762E-17  937.2   937  1.444E+06  7.641E-04  8.067E+04  9.505E+03  153.9  153.9    5.1    4.0    5.0    7.0    7.0    6.1   14.6
2024  9 21 265 12.00  686.0   32.7  242.8  6.460E+05  7.562E+02  3.814E+00 2.729E-17  937.2   937  1.438E+06  7.335E-04  8.059E+04  9.370E+03  153.9  153.9    5.1    4.0    5.0    7.0    7.0    6.1   14.6
2024  9 21 265 12.00  687.0   32.7  242.8  6.355E+05  7.348E+02  3.691E+00 2.697E-17  937.2   937  1.433E+06  7.041E-04  8.051E+04  9.237E+03  153.9  153.9    5.1    4.0    5.0    7.0    7.0    6.1   14.6
2024  9 21 265 12.00  688.0   32.7  242.8  6.252E+05  7.141E+02  3.572E+00 2.665E-17  937.2   937  1.427E+06  6.759E-04  8.043E+04  9.105E+03  153.9  153.9    5.1    4.0    5.0    7.0    7.0    6.1   14.6
2024  9 21 265 12.00  689.0   32.7  242.8  6.150E+05  6.939E+02  3.457E+00 2.634E-17  937.2   937  1.421E+06  6.488E-04  8.034E+04  8.976E+03  153.9  153.9    5.1    4.0    5.0    7.0    7.0    6.1   14.6
2024  9 21 265 12.00  690.0   32.7  242.8  6.050E+05  6.743E+02  3.346E+00 2.603E-17  937.2   937  1.415E+06  6.229E-04  8.026E+04  8.848E+03  153.9  153.9    5.1    4.0    5.0    7.0    7.0    6.1   14.6
2024  9 21 265 12.00  691.0   32.7  242.8  5.952E+05  6.553E+02  3.238E+00 2.573E-17  937.2   937  1.409E+06  5.979E-04  8.018E+04  8.722E+03  153.9  153.9    5.1    4.0    5.0    7.0    7.0    6.1   14.6
2024  9 21 265 12.00  692.0   32.7  242.8  5.856E+05  6.368E+02  3.134E+00 2.543E-17  937.2   937  1.404E+06  5.740E-04  8.010E+04  8.598E+03  153.9  153.9    5.1    4.0    5.0    7.0    7.0    6.1   14.6
2024  9 21 265 12.00  693.0   32.7  242.8  5.761E+05  6.188E+02  3.033E+00 2.514E-17  937.2   937  1.398E+06  5.511E-04  8.002E+04  8.476E+03  153.9  153.9    5.1    4.0    5.0    7.0    7.0    6.1   14.6
2024  9 21 265 12.00  694.0   32.7  242.8  5.667E+05  6.013E+02  2.935E+00 2.485E-17  937.2   937  1.392E+06  5.290E-04  7.993E+04  8.356E+03  153.9  153.9    5.1    4.0    5.0    7.0    7.0    6.1   14.6
2024  9 21 265 12.00  695.0   32.7  242.8  5.575E+05  5.844E+02  2.841E+00 2.456E-17  937.2   937  1.386E+06  5.079E-04  7.985E+04  8.237E+03  153.9  153.9    5.1    4.0    5.0    7.0    7.0    6.1   14.6
2024  9 21 265 12.00  696.0   32.7  242.8  5.485E+05  5.679E+02  2.750E+00 2.428E-17  937.2   937  1.381E+06  4.876E-04  7.977E+04  8.120E+03  153.9  153.9    5.1    4.0    5.0    7.0    7.0    6.1   14.6
2024  9 21 265 12.00  697.0   32.7  242.8  5.396E+05  5.519E+02  2.661E+00 2.400E-17  937.2   937  1.375E+06  4.681E-04  7.969E+04  8.005E+03  153.9  153.9    5.1    4.0    5.0    7.0    7.0    6.1   14.6
2024  9 21 265 12.00  698.0   32.7  242.8  5.309E+05  5.364E+02  2.576E+00 2.373E-17  937.2   937  1.370E+06  4.494E-04  7.961E+04  7.891E+03  153.9  153.9    5.1    4.0    5.0    7.0    7.0    6.1   14.6
2024  9 21 265 12.00  699.0   32.7  242.8  5.223E+05  5.212E+02  2.493E+00 2.346E-17  937.2   937  1.364E+06  4.315E-04  7.953E+04  7.779E+03  153.9  153.9    5.1    4.0    5.0    7.0    7.0    6.1   14.6
2024  9 21 265 12.00  700.0   32.7  242.8  5.138E+05  5.066E+02  2.413E+00 2.319E-17  937.2   937  1.358E+06  4.142E-04  7.945E+04  7.669E+03  153.9  153.9    5.1    4.0    5.0    7.0    7.0    6.1   14.6
2024  9 21 265 12.00  701.0   32.7  242.8  5.055E+05  4.923E+02  2.336E+00 2.293E-17  937.2   937  1.353E+06  3.977E-04  7.937E+04  7.560E+03  153.9  153.9    5.1    4.0    5.0    7.0    7.0    6.1   14.6
2024  9 21 265 12.00  702.0   32.7  242.8  4.973E+05  4.784E+02  2.261E+00 2.267E-17  937.2   937  1.347E+06  3.818E-04  7.928E+04  7.453E+03  153.9  153.9    5.1    4.0    5.0    7.0    7.0    6.1   14.6
2024  9 21 265 12.00  703.0   32.7  242.8  4.893E+05  4.650E+02  2.188E+00 2.242E-17  937.2   937  1.342E+06  3.666E-04  7.920E+04  7.348E+03  153.9  153.9    5.1    4.0    5.0    7.0    7.0    6.1   14.6
2024  9 21 265 12.00  704.0   32.7  242.8  4.814E+05  4.519E+02  2.118E+00 2.217E-17  937.2   937  1.336E+06  3.520E-04  7.912E+04  7.243E+03  153.9  153.9    5.1    4.0    5.0    7.0    7.0    6.1   14.6
2024  9 21 265 12.00  705.0   32.7  242.8  4.736E+05  4.392E+02  2.050E+00 2.192E-17  937.2   937  1.331E+06  3.380E-04  7.904E+04  7.141E+03  153.9  153.9    5.1    4.0    5.0    7.0    7.0    6.1   14.6
2024  9 21 265 12.00  706.0   32.7  242.8  4.660E+05  4.268E+02  1.985E+00 2.168E-17  937.2   937  1.326E+06  3.245E-04  7.896E+04  7.040E+03  153.9  153.9    5.1    4.0    5.0    7.0    7.0    6.1   14.6
2024  9 21 265 12.00  707.0   32.7  242.8  4.584E+05  4.149E+02  1.921E+00 2.144E-17  937.2   937  1.320E+06  3.116E-04  7.888E+04  6.940E+03  153.9  153.9    5.1    4.0    5.0    7.0    7.0    6.1   14.6
2024  9 21 265 12.00  708.0   32.7  242.8  4.510E+05  4.032E+02  1.859E+00 2.120E-17  937.2   937  1.315E+06  2.992E-04  7.880E+04  6.842E+03  153.9  153.9    5.1    4.0    5.0    7.0    7.0    6.1   14.6
2024  9 21 265 12.00  709.0   32.7  242.8  4.438E+05  3.919E+02  1.800E+00 2.097E-17  937.2   937  1.310E+06  2.872E-04  7.872E+04  6.745E+03  153.9  153.9    5.1    4.0    5.0    7.0    7.0    6.1   14.6
2024  9 21 265 12.00  710.0   32.7  242.8  4.366E+05  3.809E+02  1.742E+00 2.074E-17  937.2   937  1.304E+06  2.758E-04  7.864E+04  6.650E+03  153.9  153.9    5.1    4.0    5.0    7.0    7.0    6.1   14.6
2024  9 21 265 12.00  711.0   32.7  242.8  4.296E+05  3.702E+02  1.686E+00 2.052E-17  937.2   937  1.299E+06  2.648E-04  7.856E+04  6.556E+03  153.9  153.9    5.1    4.0    5.0    7.0    7.0    6.1   14.6
2024  9 21 265 12.00  712.0   32.7  242.8  4.226E+05  3.598E+02  1.633E+00 2.029E-17  937.2   937  1.294E+06  2.543E-04  7.848E+04  6.463E+03  153.9  153.9    5.1    4.0    5.0    7.0    7.0    6.1   14.6
2024  9 21 265 12.00  713.0   32.7  242.8  4.158E+05  3.497E+02  1.580E+00 2.008E-17  937.2   937  1.288E+06  2.442E-04  7.840E+04  6.372E+03  153.9  153.9    5.1    4.0    5.0    7.0    7.0    6.1   14.6
2024  9 21 265 12.00  714.0   32.7  242.8  4.091E+05  3.399E+02  1.530E+00 1.986E-17  937.2   937  1.283E+06  2.345E-04  7.832E+04  6.282E+03  153.9  153.9    5.1    4.0    5.0    7.0    7.0    6.1   14.6
2024  9 21 265 12.00  715.0   32.7  242.8  4.025E+05  3.303E+02  1.481E+00 1.965E-17  937.2   937  1.278E+06  2.252E-04  7.824E+04  6.193E+03  153.9  153.9    5.1    4.0    5.0    7.0    7.0    6.1   14.6
2024  9 21 265 12.00  716.0   32.7  242.8  3.960E+05  3.211E+02  1.434E+00 1.944E-17  937.2   937  1.273E+06  2.162E-04  7.816E+04  6.106E+03  153.9  153.9    5.1    4.0    5.0    7.0    7.0    6.1   14.6
2024  9 21 265 12.00  717.0   32.7  242.8  3.897E+05  3.121E+02  1.388E+00 1.923E-17  937.2   937  1.268E+06  2.076E-04  7.808E+04  6.019E+03  153.9  153.9    5.1    4.0    5.0    7.0    7.0    6.1   14.6
2024  9 21 265 12.00  718.0   32.7  242.8  3.834E+05  3.033E+02  1.343E+00 1.903E-17  937.2   937  1.263E+06  1.994E-04  7.801E+04  5.935E+03  153.9  153.9    5.1    4.0    5.0    7.0    7.0    6.1   14.6
2024  9 21 265 12.00  719.0   32.7  242.8  3.772E+05  2.948E+02  1.301E+00 1.883E-17  937.2   937  1.257E+06  1.915E-04  7.793E+04  5.851E+03  153.9  153.9    5.1    4.0    5.0    7.0    7.0    6.1   14.6
2024  9 21 265 12.00  720.0   32.7  242.8  3.711E+05  2.866E+02  1.259E+00 1.863E-17  937.2   937  1.252E+06  1.839E-04  7.785E+04  5.768E+03  153.9  153.9    5.1    4.0    5.0    7.0    7.0    6.1   14.6
2024  9 21 265 12.00  721.0   32.7  242.8  3.652E+05  2.786E+02  1.219E+00 1.843E-17  937.2   937  1.247E+06  1.766E-04  7.777E+04  5.687E+03  153.9  153.9    5.1    4.0    5.0    7.0    7.0    6.1   14.6
2024  9 21 265 12.00  722.0   32.7  242.8  3.593E+05  2.708E+02  1.180E+00 1.824E-17  937.2   937  1.242E+06  1.696E-04  7.769E+04  5.607E+03  153.9  153.9    5.1    4.0    5.0    7.0    7.0    6.1   14.6
2024  9 21 265 12.00  723.0   32.7  242.8  3.535E+05  2.632E+02  1.142E+00 1.805E-17  937.2   937  1.237E+06  1.628E-04  7.761E+04  5.528E+03  153.9  153.9    5.1    4.0    5.0    7.0    7.0    6.1   14.6
2024  9 21 265 12.00  724.0   32.7  242.8  3.478E+05  2.558E+02  1.106E+00 1.786E-17  937.2   937  1.232E+06  1.564E-04  7.753E+04  5.450E+03  153.9  153.9    5.1    4.0    5.0    7.0    7.0    6.1   14.6
2024  9 21 265 12.00  725.0   32.7  242.8  3.422E+05  2.487E+02  1.071E+00 1.768E-17  937.2   937  1.227E+06  1.502E-04  7.745E+04  5.373E+03  153.9  153.9    5.1    4.0    5.0    7.0    7.0    6.1   14.6
2024  9 21 265 12.00  726.0   32.7  242.8  3.368E+05  2.417E+02  1.036E+00 1.750E-17  937.2   937  1.222E+06  1.442E-04  7.738E+04  5.298E+03  153.9  153.9    5.1    4.0    5.0    7.0    7.0    6.1   14.6
2024  9 21 265 12.00  727.0   32.7  242.8  3.313E+05  2.350E+02  1.003E+00 1.732E-17  937.2   937  1.217E+06  1.385E-04  7.730E+04  5.223E+03  153.9  153.9    5.1    4.0    5.0    7.0    7.0    6.1   14.6
2024  9 21 265 12.00  728.0   32.7  242.8  3.260E+05  2.284E+02  9.715E-01 1.714E-17  937.2   937  1.212E+06  1.330E-04  7.722E+04  5.150E+03  153.9  153.9    5.1    4.0    5.0    7.0    7.0    6.1   14.6
2024  9 21 265 12.00  729.0   32.7  242.8  3.208E+05  2.220E+02  9.406E-01 1.697E-17  937.2   937  1.207E+06  1.278E-04  7.714E+04  5.077E+03  153.9  153.9    5.1    4.0    5.0    7.0    7.0    6.1   14.6
2024  9 21 265 12.00  730.0   32.7  242.8  3.156E+05  2.158E+02  9.106E-01 1.679E-17  937.2   937  1.203E+06  1.227E-04  7.706E+04  5.006E+03  153.9  153.9    5.1    4.0    5.0    7.0    7.0    6.1   14.6
2024  9 21 265 12.00  731.0   32.7  242.8  3.106E+05  2.098E+02  8.816E-01 1.663E-17  937.2   937  1.198E+06  1.178E-04  7.699E+04  4.935E+03  153.9  153.9    5.1    4.0    5.0    7.0    7.0    6.1   14.6
2024  9 21 265 12.00  732.0   32.7  242.8  3.056E+05  2.039E+02  8.536E-01 1.646E-17  937.2   937  1.193E+06  1.132E-04  7.691E+04  4.866E+03  153.9  153.9    5.1    4.0    5.0    7.0    7.0    6.1   14.6
2024  9 21 265 12.00  733.0   32.7  242.8  3.007E+05  1.982E+02  8.264E-01 1.629E-17  937.2   937  1.188E+06  1.087E-04  7.683E+04  4.798E+03  153.9  153.9    5.1    4.0    5.0    7.0    7.0    6.1   14.6
2024  9 21 265 12.00  734.0   32.7  242.8  2.959E+05  1.927E+02  8.001E-01 1.613E-17  937.2   937  1.183E+06  1.044E-04  7.675E+04  4.730E+03  153.9  153.9    5.1    4.0    5.0    7.0    7.0    6.1   14.6
2024  9 21 265 12.00  735.0   32.7  242.8  2.911E+05  1.873E+02  7.747E-01 1.597E-17  937.2   937  1.179E+06  1.003E-04  7.667E+04  4.664E+03  153.9  153.9    5.1    4.0    5.0    7.0    7.0    6.1   14.6
2024  9 21 265 12.00  736.0   32.7  242.8  2.865E+05  1.821E+02  7.501E-01 1.581E-17  937.2   937  1.174E+06  9.631E-05  7.660E+04  4.598E+03  153.9  153.9    5.1    4.0    5.0    7.0    7.0    6.1   14.6
2024  9 21 265 12.00  737.0   32.7  242.8  2.819E+05  1.770E+02  7.263E-01 1.566E-17  937.2   937  1.169E+06  9.251E-05  7.652E+04  4.534E+03  153.9  153.9    5.1    4.0    5.0    7.0    7.0    6.1   14.6
2024  9 21 265 12.00  738.0   32.7  242.8  2.774E+05  1.721E+02  7.032E-01 1.550E-17  937.2   937  1.164E+06  8.886E-05  7.644E+04  4.470E+03  153.9  153.9    5.1    4.0    5.0    7.0    7.0    6.1   14.6
2024  9 21 265 12.00  739.0   32.7  242.8  2.729E+05  1.673E+02  6.809E-01 1.535E-17  937.2   937  1.160E+06  8.535E-05  7.637E+04  4.407E+03  153.9  153.9    5.1    4.0    5.0    7.0    7.0    6.1   14.6
2024  9 21 265 12.00  740.0   32.7  242.8  2.686E+05  1.627E+02  6.592E-01 1.520E-17  937.2   937  1.155E+06  8.198E-05  7.629E+04  4.346E+03  153.9  153.9    5.1    4.0    5.0    7.0    7.0    6.1   14.6
2024  9 21 265 12.00  741.0   32.7  242.8  2.643E+05  1.581E+02  6.383E-01 1.506E-17  937.2   937  1.150E+06  7.874E-05  7.621E+04  4.285E+03  153.9  153.9    5.1    4.0    5.0    7.0    7.0    6.1   14.6
2024  9 21 265 12.00  742.0   32.7  242.8  2.600E+05  1.537E+02  6.181E-01 1.491E-17  937.2   937  1.146E+06  7.564E-05  7.614E+04  4.225E+03  153.9  153.9    5.1    4.0    5.0    7.0    7.0    6.1   14.6
2024  9 21 265 12.00  743.0   32.7  242.8  2.559E+05  1.495E+02  5.985E-01 1.477E-17  937.2   937  1.141E+06  7.265E-05  7.606E+04  4.166E+03  153.9  153.9    5.1    4.0    5.0    7.0    7.0    6.1   14.6
2024  9 21 265 12.00  744.0   32.7  242.8  2.518E+05  1.453E+02  5.795E-01 1.463E-17  937.2   937  1.137E+06  6.979E-05  7.598E+04  4.107E+03  153.9  153.9    5.1    4.0    5.0    7.0    7.0    6.1   14.6
2024  9 21 265 12.00  745.0   32.7  242.8  2.478E+05  1.413E+02  5.611E-01 1.449E-17  937.2   937  1.132E+06  6.704E-05  7.591E+04  4.050E+03  153.9  153.9    5.1    4.0    5.0    7.0    7.0    6.1   14.6
2024  9 21 265 12.00  746.0   32.7  242.8  2.438E+05  1.373E+02  5.433E-01 1.435E-17  937.2   937  1.127E+06  6.439E-05  7.583E+04  3.993E+03  153.9  153.9    5.1    4.0    5.0    7.0    7.0    6.1   14.6
2024  9 21 265 12.00  747.0   32.7  242.8  2.399E+05  1.335E+02  5.261E-01 1.421E-17  937.2   937  1.123E+06  6.186E-05  7.575E+04  3.937E+03  153.9  153.9    5.1    4.0    5.0    7.0    7.0    6.1   14.6
2024  9 21 265 12.00  748.0   32.7  242.8  2.361E+05  1.298E+02  5.094E-01 1.408E-17  937.2   937  1.118E+06  5.942E-05  7.568E+04  3.882E+03  153.9  153.9    5.1    4.0    5.0    7.0    7.0    6.1   14.6
2024  9 21 265 12.00  749.0   32.7  242.8  2.323E+05  1.262E+02  4.933E-01 1.395E-17  937.2   937  1.114E+06  5.708E-05  7.560E+04  3.828E+03  153.9  153.9    5.1    4.0    5.0    7.0    7.0    6.1   14.6