Since the F10.7 (3-month avg) of the requested date is not yet available, the value of F10.7 (daily) is used instead as the value of F10.7 (3-monthavg).
Year Mon Day DOY hour Heit(km) Lat  Lon Oden(cm-3) N2den(cm-3) O2den(cm-3) air(gm/cm3) T(K) exoT(K) Heden(cm-3)Arden(cm-3) Hden(cm-3) Nden(cm-3) F107 F107a apdaily  ap0-3 ap3-6 ap6-9 ap9-12 ap12-33 ap33-59
2024  9 21 265 12.00  450.0   32.7  242.8  3.526E+07  8.320E+05  1.136E+04 1.010E-15  937.0   937  3.911E+06  1.594E+01  1.035E+05  3.108E+05  153.9  153.9    5.1    4.0    5.0    7.0    7.0    6.1   14.6
2024  9 21 265 12.00  451.0   32.7  242.8  3.465E+07  8.068E+05  1.097E+04 9.920E-16  937.0   937  3.893E+06  1.526E+01  1.034E+05  3.061E+05  153.9  153.9    5.1    4.0    5.0    7.0    7.0    6.1   14.6
2024  9 21 265 12.00  452.0   32.7  242.8  3.405E+07  7.824E+05  1.059E+04 9.747E-16  937.0   937  3.876E+06  1.461E+01  1.033E+05  3.014E+05  153.9  153.9    5.1    4.0    5.0    7.0    7.0    6.1   14.6
2024  9 21 265 12.00  453.0   32.7  242.8  3.346E+07  7.588E+05  1.023E+04 9.576E-16  937.0   937  3.859E+06  1.398E+01  1.032E+05  2.968E+05  153.9  153.9    5.1    4.0    5.0    7.0    7.0    6.1   14.6
2024  9 21 265 12.00  454.0   32.7  242.8  3.288E+07  7.359E+05  9.877E+03 9.409E-16  937.0   937  3.843E+06  1.338E+01  1.030E+05  2.923E+05  153.9  153.9    5.1    4.0    5.0    7.0    7.0    6.1   14.6
2024  9 21 265 12.00  455.0   32.7  242.8  3.230E+07  7.136E+05  9.537E+03 9.244E-16  937.0   937  3.826E+06  1.281E+01  1.029E+05  2.879E+05  153.9  153.9    5.1    4.0    5.0    7.0    7.0    6.1   14.6
2024  9 21 265 12.00  456.0   32.7  242.8  3.174E+07  6.921E+05  9.208E+03 9.083E-16  937.0   937  3.809E+06  1.226E+01  1.028E+05  2.835E+05  153.9  153.9    5.1    4.0    5.0    7.0    7.0    6.1   14.6
2024  9 21 265 12.00  457.0   32.7  242.8  3.119E+07  6.712E+05  8.892E+03 8.924E-16  937.0   937  3.792E+06  1.174E+01  1.027E+05  2.792E+05  153.9  153.9    5.1    4.0    5.0    7.0    7.0    6.1   14.6
2024  9 21 265 12.00  458.0   32.7  242.8  3.065E+07  6.509E+05  8.586E+03 8.769E-16  937.0   937  3.776E+06  1.124E+01  1.026E+05  2.749E+05  153.9  153.9    5.1    4.0    5.0    7.0    7.0    6.1   14.6
2024  9 21 265 12.00  459.0   32.7  242.8  3.012E+07  6.313E+05  8.290E+03 8.616E-16  937.0   937  3.759E+06  1.076E+01  1.025E+05  2.708E+05  153.9  153.9    5.1    4.0    5.0    7.0    7.0    6.1   14.6
2024  9 21 265 12.00  460.0   32.7  242.8  2.960E+07  6.122E+05  8.005E+03 8.467E-16  937.0   937  3.743E+06  1.030E+01  1.024E+05  2.666E+05  153.9  153.9    5.1    4.0    5.0    7.0    7.0    6.1   14.6
2024  9 21 265 12.00  461.0   32.7  242.8  2.908E+07  5.938E+05  7.730E+03 8.320E-16  937.0   937  3.727E+06  9.856E+00  1.023E+05  2.626E+05  153.9  153.9    5.1    4.0    5.0    7.0    7.0    6.1   14.6
2024  9 21 265 12.00  462.0   32.7  242.8  2.858E+07  5.759E+05  7.465E+03 8.175E-16  937.0   937  3.710E+06  9.435E+00  1.021E+05  2.586E+05  153.9  153.9    5.1    4.0    5.0    7.0    7.0    6.1   14.6
2024  9 21 265 12.00  463.0   32.7  242.8  2.809E+07  5.585E+05  7.208E+03 8.033E-16  937.0   937  3.694E+06  9.032E+00  1.020E+05  2.547E+05  153.9  153.9    5.1    4.0    5.0    7.0    7.0    6.1   14.6
2024  9 21 265 12.00  464.0   32.7  242.8  2.760E+07  5.417E+05  6.961E+03 7.894E-16  937.1   937  3.678E+06  8.647E+00  1.019E+05  2.508E+05  153.9  153.9    5.1    4.0    5.0    7.0    7.0    6.1   14.6
2024  9 21 265 12.00  465.0   32.7  242.8  2.712E+07  5.254E+05  6.722E+03 7.758E-16  937.1   937  3.662E+06  8.278E+00  1.018E+05  2.470E+05  153.9  153.9    5.1    4.0    5.0    7.0    7.0    6.1   14.6
2024  9 21 265 12.00  466.0   32.7  242.8  2.665E+07  5.096E+05  6.491E+03 7.623E-16  937.1   937  3.646E+06  7.925E+00  1.017E+05  2.433E+05  153.9  153.9    5.1    4.0    5.0    7.0    7.0    6.1   14.6
2024  9 21 265 12.00  467.0   32.7  242.8  2.619E+07  4.942E+05  6.268E+03 7.492E-16  937.1   937  3.630E+06  7.587E+00  1.016E+05  2.396E+05  153.9  153.9    5.1    4.0    5.0    7.0    7.0    6.1   14.6
2024  9 21 265 12.00  468.0   32.7  242.8  2.574E+07  4.794E+05  6.053E+03 7.362E-16  937.1   937  3.614E+06  7.263E+00  1.015E+05  2.359E+05  153.9  153.9    5.1    4.0    5.0    7.0    7.0    6.1   14.6
2024  9 21 265 12.00  469.0   32.7  242.8  2.529E+07  4.649E+05  5.846E+03 7.236E-16  937.1   937  3.599E+06  6.954E+00  1.014E+05  2.324E+05  153.9  153.9    5.1    4.0    5.0    7.0    7.0    6.1   14.6
2024  9 21 265 12.00  470.0   32.7  242.8  2.485E+07  4.510E+05  5.645E+03 7.111E-16  937.1   937  3.583E+06  6.657E+00  1.013E+05  2.288E+05  153.9  153.9    5.1    4.0    5.0    7.0    7.0    6.1   14.6
2024  9 21 265 12.00  471.0   32.7  242.8  2.442E+07  4.374E+05  5.452E+03 6.989E-16  937.1   937  3.567E+06  6.374E+00  1.011E+05  2.254E+05  153.9  153.9    5.1    4.0    5.0    7.0    7.0    6.1   14.6
2024  9 21 265 12.00  472.0   32.7  242.8  2.400E+07  4.242E+05  5.265E+03 6.868E-16  937.1   937  3.552E+06  6.102E+00  1.010E+05  2.220E+05  153.9  153.9    5.1    4.0    5.0    7.0    7.0    6.1   14.6
2024  9 21 265 12.00  473.0   32.7  242.8  2.359E+07  4.115E+05  5.085E+03 6.750E-16  937.1   937  3.536E+06  5.842E+00  1.009E+05  2.186E+05  153.9  153.9    5.1    4.0    5.0    7.0    7.0    6.1   14.6
2024  9 21 265 12.00  474.0   32.7  242.8  2.318E+07  3.991E+05  4.911E+03 6.635E-16  937.1   937  3.521E+06  5.594E+00  1.008E+05  2.153E+05  153.9  153.9    5.1    4.0    5.0    7.0    7.0    6.1   14.6
2024  9 21 265 12.00  475.0   32.7  242.8  2.278E+07  3.872E+05  4.743E+03 6.521E-16  937.1   937  3.506E+06  5.356E+00  1.007E+05  2.120E+05  153.9  153.9    5.1    4.0    5.0    7.0    7.0    6.1   14.6
2024  9 21 265 12.00  476.0   32.7  242.8  2.239E+07  3.755E+05  4.580E+03 6.409E-16  937.1   937  3.490E+06  5.128E+00  1.006E+05  2.088E+05  153.9  153.9    5.1    4.0    5.0    7.0    7.0    6.1   14.6
2024  9 21 265 12.00  477.0   32.7  242.8  2.200E+07  3.643E+05  4.424E+03 6.299E-16  937.1   937  3.475E+06  4.910E+00  1.005E+05  2.057E+05  153.9  153.9    5.1    4.0    5.0    7.0    7.0    6.1   14.6
2024  9 21 265 12.00  478.0   32.7  242.8  2.162E+07  3.533E+05  4.272E+03 6.192E-16  937.1   937  3.460E+06  4.701E+00  1.004E+05  2.026E+05  153.9  153.9    5.1    4.0    5.0    7.0    7.0    6.1   14.6
2024  9 21 265 12.00  479.0   32.7  242.8  2.125E+07  3.427E+05  4.126E+03 6.086E-16  937.1   937  3.445E+06  4.501E+00  1.003E+05  1.995E+05  153.9  153.9    5.1    4.0    5.0    7.0    7.0    6.1   14.6
2024  9 21 265 12.00  480.0   32.7  242.8  2.088E+07  3.325E+05  3.985E+03 5.982E-16  937.1   937  3.430E+06  4.310E+00  1.002E+05  1.965E+05  153.9  153.9    5.1    4.0    5.0    7.0    7.0    6.1   14.6
2024  9 21 265 12.00  481.0   32.7  242.8  2.052E+07  3.225E+05  3.849E+03 5.880E-16  937.1   937  3.415E+06  4.127E+00  1.000E+05  1.935E+05  153.9  153.9    5.1    4.0    5.0    7.0    7.0    6.1   14.6
2024  9 21 265 12.00  482.0   32.7  242.8  2.017E+07  3.128E+05  3.718E+03 5.780E-16  937.1   937  3.401E+06  3.952E+00  9.994E+04  1.906E+05  153.9  153.9    5.1    4.0    5.0    7.0    7.0    6.1   14.6
2024  9 21 265 12.00  483.0   32.7  242.8  1.982E+07  3.035E+05  3.591E+03 5.682E-16  937.1   937  3.386E+06  3.784E+00  9.983E+04  1.877E+05  153.9  153.9    5.1    4.0    5.0    7.0    7.0    6.1   14.6
2024  9 21 265 12.00  484.0   32.7  242.8  1.948E+07  2.944E+05  3.468E+03 5.585E-16  937.1   937  3.371E+06  3.624E+00  9.972E+04  1.849E+05  153.9  153.9    5.1    4.0    5.0    7.0    7.0    6.1   14.6
2024  9 21 265 12.00  485.0   32.7  242.8  1.915E+07  2.855E+05  3.350E+03 5.490E-16  937.1   937  3.357E+06  3.470E+00  9.961E+04  1.821E+05  153.9  153.9    5.1    4.0    5.0    7.0    7.0    6.1   14.6
2024  9 21 265 12.00  486.0   32.7  242.8  1.882E+07  2.770E+05  3.236E+03 5.397E-16  937.1   937  3.342E+06  3.323E+00  9.951E+04  1.793E+05  153.9  153.9    5.1    4.0    5.0    7.0    7.0    6.1   14.6
2024  9 21 265 12.00  487.0   32.7  242.8  1.849E+07  2.687E+05  3.125E+03 5.305E-16  937.1   937  3.328E+06  3.182E+00  9.940E+04  1.766E+05  153.9  153.9    5.1    4.0    5.0    7.0    7.0    6.1   14.6
2024  9 21 265 12.00  488.0   32.7  242.8  1.817E+07  2.607E+05  3.019E+03 5.216E-16  937.1   937  3.313E+06  3.047E+00  9.929E+04  1.740E+05  153.9  153.9    5.1    4.0    5.0    7.0    7.0    6.1   14.6
2024  9 21 265 12.00  489.0   32.7  242.8  1.786E+07  2.529E+05  2.916E+03 5.127E-16  937.1   937  3.299E+06  2.918E+00  9.918E+04  1.714E+05  153.9  153.9    5.1    4.0    5.0    7.0    7.0    6.1   14.6
2024  9 21 265 12.00  490.0   32.7  242.8  1.755E+07  2.453E+05  2.816E+03 5.041E-16  937.1   937  3.284E+06  2.794E+00  9.907E+04  1.688E+05  153.9  153.9    5.1    4.0    5.0    7.0    7.0    6.1   14.6
2024  9 21 265 12.00  491.0   32.7  242.8  1.725E+07  2.380E+05  2.720E+03 4.956E-16  937.1   937  3.270E+06  2.676E+00  9.897E+04  1.662E+05  153.9  153.9    5.1    4.0    5.0    7.0    7.0    6.1   14.6
2024  9 21 265 12.00  492.0   32.7  242.8  1.696E+07  2.309E+05  2.628E+03 4.872E-16  937.1   937  3.256E+06  2.563E+00  9.886E+04  1.637E+05  153.9  153.9    5.1    4.0    5.0    7.0    7.0    6.1   14.6
2024  9 21 265 12.00  493.0   32.7  242.8  1.667E+07  2.240E+05  2.538E+03 4.790E-16  937.1   937  3.242E+06  2.454E+00  9.875E+04  1.613E+05  153.9  153.9    5.1    4.0    5.0    7.0    7.0    6.1   14.6
2024  9 21 265 12.00  494.0   32.7  242.8  1.638E+07  2.173E+05  2.452E+03 4.709E-16  937.1   937  3.228E+06  2.350E+00  9.865E+04  1.588E+05  153.9  153.9    5.1    4.0    5.0    7.0    7.0    6.1   14.6
2024  9 21 265 12.00  495.0   32.7  242.8  1.610E+07  2.108E+05  2.368E+03 4.630E-16  937.1   937  3.214E+06  2.251E+00  9.854E+04  1.564E+05  153.9  153.9    5.1    4.0    5.0    7.0    7.0    6.1   14.6
2024  9 21 265 12.00  496.0   32.7  242.8  1.582E+07  2.045E+05  2.288E+03 4.552E-16  937.1   937  3.200E+06  2.156E+00  9.843E+04  1.541E+05  153.9  153.9    5.1    4.0    5.0    7.0    7.0    6.1   14.6
2024  9 21 265 12.00  497.0   32.7  242.8  1.555E+07  1.984E+05  2.210E+03 4.476E-16  937.1   937  3.186E+06  2.065E+00  9.833E+04  1.518E+05  153.9  153.9    5.1    4.0    5.0    7.0    7.0    6.1   14.6
2024  9 21 265 12.00  498.0   32.7  242.8  1.528E+07  1.925E+05  2.135E+03 4.401E-16  937.1   937  3.173E+06  1.977E+00  9.822E+04  1.495E+05  153.9  153.9    5.1    4.0    5.0    7.0    7.0    6.1   14.6
2024  9 21 265 12.00  499.0   32.7  242.8  1.502E+07  1.867E+05  2.062E+03 4.327E-16  937.1   937  3.159E+06  1.894E+00  9.811E+04  1.473E+05  153.9  153.9    5.1    4.0    5.0    7.0    7.0    6.1   14.6
2024  9 21 265 12.00  500.0   32.7  242.8  1.476E+07  1.812E+05  1.992E+03 4.254E-16  937.1   937  3.145E+06  1.814E+00  9.801E+04  1.450E+05  153.9  153.9    5.1    4.0    5.0    7.0    7.0    6.1   14.6
2024  9 21 265 12.00  501.0   32.7  242.8  1.451E+07  1.758E+05  1.925E+03 4.183E-16  937.1   937  3.132E+06  1.737E+00  9.790E+04  1.429E+05  153.9  153.9    5.1    4.0    5.0    7.0    7.0    6.1   14.6
2024  9 21 265 12.00  502.0   32.7  242.8  1.426E+07  1.705E+05  1.859E+03 4.113E-16  937.1   937  3.118E+06  1.664E+00  9.779E+04  1.407E+05  153.9  153.9    5.1    4.0    5.0    7.0    7.0    6.1   14.6
2024  9 21 265 12.00  503.0   32.7  242.8  1.402E+07  1.655E+05  1.796E+03 4.045E-16  937.1   937  3.105E+06  1.594E+00  9.769E+04  1.386E+05  153.9  153.9    5.1    4.0    5.0    7.0    7.0    6.1   14.6
2024  9 21 265 12.00  504.0   32.7  242.8  1.378E+07  1.605E+05  1.735E+03 3.977E-16  937.1   937  3.091E+06  1.526E+00  9.758E+04  1.365E+05  153.9  153.9    5.1    4.0    5.0    7.0    7.0    6.1   14.6
2024  9 21 265 12.00  505.0   32.7  242.8  1.354E+07  1.558E+05  1.676E+03 3.911E-16  937.1   937  3.078E+06  1.462E+00  9.748E+04  1.345E+05  153.9  153.9    5.1    4.0    5.0    7.0    7.0    6.1   14.6
2024  9 21 265 12.00  506.0   32.7  242.8  1.331E+07  1.511E+05  1.619E+03 3.846E-16  937.1   937  3.065E+06  1.400E+00  9.737E+04  1.325E+05  153.9  153.9    5.1    4.0    5.0    7.0    7.0    6.1   14.6
2024  9 21 265 12.00  507.0   32.7  242.8  1.308E+07  1.466E+05  1.564E+03 3.782E-16  937.1   937  3.052E+06  1.341E+00  9.727E+04  1.305E+05  153.9  153.9    5.1    4.0    5.0    7.0    7.0    6.1   14.6
2024  9 21 265 12.00  508.0   32.7  242.8  1.286E+07  1.423E+05  1.511E+03 3.719E-16  937.1   937  3.039E+06  1.285E+00  9.716E+04  1.285E+05  153.9  153.9    5.1    4.0    5.0    7.0    7.0    6.1   14.6
2024  9 21 265 12.00  509.0   32.7  242.8  1.264E+07  1.380E+05  1.460E+03 3.658E-16  937.1   937  3.025E+06  1.231E+00  9.706E+04  1.266E+05  153.9  153.9    5.1    4.0    5.0    7.0    7.0    6.1   14.6
2024  9 21 265 12.00  510.0   32.7  242.8  1.242E+07  1.339E+05  1.411E+03 3.597E-16  937.1   937  3.012E+06  1.179E+00  9.695E+04  1.247E+05  153.9  153.9    5.1    4.0    5.0    7.0    7.0    6.1   14.6
2024  9 21 265 12.00  511.0   32.7  242.8  1.221E+07  1.300E+05  1.363E+03 3.537E-16  937.1   937  3.000E+06  1.129E+00  9.685E+04  1.228E+05  153.9  153.9    5.1    4.0    5.0    7.0    7.0    6.1   14.6
2024  9 21 265 12.00  512.0   32.7  242.8  1.200E+07  1.261E+05  1.317E+03 3.479E-16  937.1   937  2.987E+06  1.082E+00  9.675E+04  1.210E+05  153.9  153.9    5.1    4.0    5.0    7.0    7.0    6.1   14.6
2024  9 21 265 12.00  513.0   32.7  242.8  1.180E+07  1.223E+05  1.272E+03 3.421E-16  937.1   937  2.974E+06  1.036E+00  9.664E+04  1.192E+05  153.9  153.9    5.1    4.0    5.0    7.0    7.0    6.1   14.6
2024  9 21 265 12.00  514.0   32.7  242.8  1.160E+07  1.187E+05  1.229E+03 3.365E-16  937.1   937  2.961E+06  9.925E-01  9.654E+04  1.174E+05  153.9  153.9    5.1    4.0    5.0    7.0    7.0    6.1   14.6
2024  9 21 265 12.00  515.0   32.7  242.8  1.140E+07  1.152E+05  1.188E+03 3.309E-16  937.1   937  2.948E+06  9.508E-01  9.643E+04  1.156E+05  153.9  153.9    5.1    4.0    5.0    7.0    7.0    6.1   14.6
2024  9 21 265 12.00  516.0   32.7  242.8  1.120E+07  1.118E+05  1.147E+03 3.255E-16  937.1   937  2.936E+06  9.108E-01  9.633E+04  1.139E+05  153.9  153.9    5.1    4.0    5.0    7.0    7.0    6.1   14.6
2024  9 21 265 12.00  517.0   32.7  242.8  1.101E+07  1.085E+05  1.109E+03 3.201E-16  937.1   937  2.923E+06  8.725E-01  9.623E+04  1.122E+05  153.9  153.9    5.1    4.0    5.0    7.0    7.0    6.1   14.6
2024  9 21 265 12.00  518.0   32.7  242.8  1.083E+07  1.052E+05  1.071E+03 3.149E-16  937.2   937  2.911E+06  8.359E-01  9.612E+04  1.105E+05  153.9  153.9    5.1    4.0    5.0    7.0    7.0    6.1   14.6
2024  9 21 265 12.00  519.0   32.7  242.8  1.064E+07  1.021E+05  1.035E+03 3.097E-16  937.2   937  2.898E+06  8.007E-01  9.602E+04  1.089E+05  153.9  153.9    5.1    4.0    5.0    7.0    7.0    6.1   14.6
2024  9 21 265 12.00  520.0   32.7  242.8  1.046E+07  9.909E+04  1.000E+03 3.046E-16  937.2   937  2.886E+06  7.671E-01  9.592E+04  1.073E+05  153.9  153.9    5.1    4.0    5.0    7.0    7.0    6.1   14.6
2024  9 21 265 12.00  521.0   32.7  242.8  1.028E+07  9.616E+04  9.662E+02 2.996E-16  937.2   937  2.873E+06  7.349E-01  9.581E+04  1.057E+05  153.9  153.9    5.1    4.0    5.0    7.0    7.0    6.1   14.6
2024  9 21 265 12.00  522.0   32.7  242.8  1.011E+07  9.331E+04  9.336E+02 2.947E-16  937.2   937  2.861E+06  7.041E-01  9.571E+04  1.041E+05  153.9  153.9    5.1    4.0    5.0    7.0    7.0    6.1   14.6
2024  9 21 265 12.00  523.0   32.7  242.8  9.935E+06  9.055E+04  9.021E+02 2.899E-16  937.2   937  2.849E+06  6.745E-01  9.561E+04  1.025E+05  153.9  153.9    5.1    4.0    5.0    7.0    7.0    6.1   14.6
2024  9 21 265 12.00  524.0   32.7  242.8  9.766E+06  8.787E+04  8.716E+02 2.852E-16  937.2   937  2.836E+06  6.462E-01  9.550E+04  1.010E+05  153.9  153.9    5.1    4.0    5.0    7.0    7.0    6.1   14.6
2024  9 21 265 12.00  525.0   32.7  242.8  9.600E+06  8.526E+04  8.422E+02 2.805E-16  937.2   937  2.824E+06  6.191E-01  9.540E+04  9.950E+04  153.9  153.9    5.1    4.0    5.0    7.0    7.0    6.1   14.6
2024  9 21 265 12.00  526.0   32.7  242.8  9.436E+06  8.274E+04  8.138E+02 2.760E-16  937.2   937  2.812E+06  5.932E-01  9.530E+04  9.801E+04  153.9  153.9    5.1    4.0    5.0    7.0    7.0    6.1   14.6
2024  9 21 265 12.00  527.0   32.7  242.8  9.276E+06  8.029E+04  7.864E+02 2.715E-16  937.2   937  2.800E+06  5.683E-01  9.520E+04  9.655E+04  153.9  153.9    5.1    4.0    5.0    7.0    7.0    6.1   14.6
2024  9 21 265 12.00  528.0   32.7  242.8  9.118E+06  7.792E+04  7.599E+02 2.671E-16  937.2   937  2.788E+06  5.445E-01  9.510E+04  9.512E+04  153.9  153.9    5.1    4.0    5.0    7.0    7.0    6.1   14.6
2024  9 21 265 12.00  529.0   32.7  242.8  8.963E+06  7.562E+04  7.343E+02 2.627E-16  937.2   937  2.776E+06  5.217E-01  9.499E+04  9.370E+04  153.9  153.9    5.1    4.0    5.0    7.0    7.0    6.1   14.6
2024  9 21 265 12.00  530.0   32.7  242.8  8.811E+06  7.338E+04  7.095E+02 2.585E-16  937.2   937  2.764E+06  4.998E-01  9.489E+04  9.230E+04  153.9  153.9    5.1    4.0    5.0    7.0    7.0    6.1   14.6
2024  9 21 265 12.00  531.0   32.7  242.8  8.661E+06  7.121E+04  6.856E+02 2.543E-16  937.2   937  2.753E+06  4.789E-01  9.479E+04  9.093E+04  153.9  153.9    5.1    4.0    5.0    7.0    7.0    6.1   14.6
2024  9 21 265 12.00  532.0   32.7  242.8  8.514E+06  6.911E+04  6.626E+02 2.501E-16  937.2   937  2.741E+06  4.589E-01  9.469E+04  8.958E+04  153.9  153.9    5.1    4.0    5.0    7.0    7.0    6.1   14.6
2024  9 21 265 12.00  533.0   32.7  242.8  8.370E+06  6.707E+04  6.403E+02 2.461E-16  937.2   937  2.729E+06  4.397E-01  9.459E+04  8.825E+04  153.9  153.9    5.1    4.0    5.0    7.0    7.0    6.1   14.6
2024  9 21 265 12.00  534.0   32.7  242.8  8.228E+06  6.509E+04  6.187E+02 2.421E-16  937.2   937  2.718E+06  4.213E-01  9.449E+04  8.693E+04  153.9  153.9    5.1    4.0    5.0    7.0    7.0    6.1   14.6
2024  9 21 265 12.00  535.0   32.7  242.8  8.088E+06  6.317E+04  5.979E+02 2.382E-16  937.2   937  2.706E+06  4.037E-01  9.439E+04  8.564E+04  153.9  153.9    5.1    4.0    5.0    7.0    7.0    6.1   14.6
2024  9 21 265 12.00  536.0   32.7  242.8  7.951E+06  6.131E+04  5.778E+02 2.344E-16  937.2   937  2.694E+06  3.868E-01  9.428E+04  8.437E+04  153.9  153.9    5.1    4.0    5.0    7.0    7.0    6.1   14.6
2024  9 21 265 12.00  537.0   32.7  242.8  7.816E+06  5.950E+04  5.584E+02 2.306E-16  937.2   937  2.683E+06  3.706E-01  9.418E+04  8.311E+04  153.9  153.9    5.1    4.0    5.0    7.0    7.0    6.1   14.6
2024  9 21 265 12.00  538.0   32.7  242.8  7.684E+06  5.774E+04  5.396E+02 2.269E-16  937.2   937  2.671E+06  3.551E-01  9.408E+04  8.188E+04  153.9  153.9    5.1    4.0    5.0    7.0    7.0    6.1   14.6
2024  9 21 265 12.00  539.0   32.7  242.8  7.554E+06  5.604E+04  5.215E+02 2.233E-16  937.2   937  2.660E+06  3.403E-01  9.398E+04  8.066E+04  153.9  153.9    5.1    4.0    5.0    7.0    7.0    6.1   14.6
2024  9 21 265 12.00  540.0   32.7  242.8  7.426E+06  5.439E+04  5.040E+02 2.197E-16  937.2   937  2.649E+06  3.261E-01  9.388E+04  7.947E+04  153.9  153.9    5.1    4.0    5.0    7.0    7.0    6.1   14.6
2024  9 21 265 12.00  541.0   32.7  242.8  7.300E+06  5.279E+04  4.870E+02 2.162E-16  937.2   937  2.637E+06  3.125E-01  9.378E+04  7.829E+04  153.9  153.9    5.1    4.0    5.0    7.0    7.0    6.1   14.6
2024  9 21 265 12.00  542.0   32.7  242.8  7.176E+06  5.123E+04  4.707E+02 2.127E-16  937.2   937  2.626E+06  2.994E-01  9.368E+04  7.713E+04  153.9  153.9    5.1    4.0    5.0    7.0    7.0    6.1   14.6
2024  9 21 265 12.00  543.0   32.7  242.8  7.055E+06  4.972E+04  4.549E+02 2.093E-16  937.2   937  2.615E+06  2.869E-01  9.358E+04  7.598E+04  153.9  153.9    5.1    4.0    5.0    7.0    7.0    6.1   14.6
2024  9 21 265 12.00  544.0   32.7  242.8  6.935E+06  4.826E+04  4.396E+02 2.060E-16  937.2   937  2.604E+06  2.750E-01  9.348E+04  7.485E+04  153.9  153.9    5.1    4.0    5.0    7.0    7.0    6.1   14.6
2024  9 21 265 12.00  545.0   32.7  242.8  6.818E+06  4.684E+04  4.249E+02 2.027E-16  937.2   937  2.593E+06  2.635E-01  9.338E+04  7.375E+04  153.9  153.9    5.1    4.0    5.0    7.0    7.0    6.1   14.6
2024  9 21 265 12.00  546.0   32.7  242.8  6.703E+06  4.546E+04  4.106E+02 1.995E-16  937.2   937  2.582E+06  2.525E-01  9.328E+04  7.265E+04  153.9  153.9    5.1    4.0    5.0    7.0    7.0    6.1   14.6
2024  9 21 265 12.00  547.0   32.7  242.8  6.590E+06  4.412E+04  3.969E+02 1.963E-16  937.2   937  2.571E+06  2.420E-01  9.318E+04  7.158E+04  153.9  153.9    5.1    4.0    5.0    7.0    7.0    6.1   14.6
2024  9 21 265 12.00  548.0   32.7  242.8  6.478E+06  4.283E+04  3.836E+02 1.932E-16  937.2   937  2.560E+06  2.319E-01  9.308E+04  7.052E+04  153.9  153.9    5.1    4.0    5.0    7.0    7.0    6.1   14.6
2024  9 21 265 12.00  549.0   32.7  242.8  6.369E+06  4.157E+04  3.707E+02 1.901E-16  937.2   937  2.549E+06  2.223E-01  9.298E+04  6.947E+04  153.9  153.9    5.1    4.0    5.0    7.0    7.0    6.1   14.6
2024  9 21 265 12.00  550.0   32.7  242.8  6.261E+06  4.035E+04  3.583E+02 1.871E-16  937.2   937  2.538E+06  2.130E-01  9.289E+04  6.844E+04  153.9  153.9    5.1    4.0    5.0    7.0    7.0    6.1   14.6
2024  9 21 265 12.00  551.0   32.7  242.8  6.155E+06  3.916E+04  3.463E+02 1.841E-16  937.2   937  2.527E+06  2.041E-01  9.279E+04  6.743E+04  153.9  153.9    5.1    4.0    5.0    7.0    7.0    6.1   14.6
2024  9 21 265 12.00  552.0   32.7  242.8  6.052E+06  3.801E+04  3.347E+02 1.812E-16  937.2   937  2.517E+06  1.956E-01  9.269E+04  6.643E+04  153.9  153.9    5.1    4.0    5.0    7.0    7.0    6.1   14.6
2024  9 21 265 12.00  553.0   32.7  242.8  5.949E+06  3.690E+04  3.235E+02 1.784E-16  937.2   937  2.506E+06  1.875E-01  9.259E+04  6.545E+04  153.9  153.9    5.1    4.0    5.0    7.0    7.0    6.1   14.6
2024  9 21 265 12.00  554.0   32.7  242.8  5.849E+06  3.581E+04  3.127E+02 1.756E-16  937.2   937  2.495E+06  1.797E-01  9.249E+04  6.448E+04  153.9  153.9    5.1    4.0    5.0    7.0    7.0    6.1   14.6
2024  9 21 265 12.00  555.0   32.7  242.8  5.750E+06  3.476E+04  3.022E+02 1.728E-16  937.2   937  2.485E+06  1.722E-01  9.239E+04  6.353E+04  153.9  153.9    5.1    4.0    5.0    7.0    7.0    6.1   14.6
2024  9 21 265 12.00  556.0   32.7  242.8  5.653E+06  3.374E+04  2.921E+02 1.701E-16  937.2   937  2.474E+06  1.651E-01  9.229E+04  6.259E+04  153.9  153.9    5.1    4.0    5.0    7.0    7.0    6.1   14.6
2024  9 21 265 12.00  557.0   32.7  242.8  5.558E+06  3.275E+04  2.824E+02 1.674E-16  937.2   937  2.464E+06  1.582E-01  9.220E+04  6.167E+04  153.9  153.9    5.1    4.0    5.0    7.0    7.0    6.1   14.6
2024  9 21 265 12.00  558.0   32.7  242.8  5.464E+06  3.179E+04  2.729E+02 1.648E-16  937.2   937  2.453E+06  1.516E-01  9.210E+04  6.076E+04  153.9  153.9    5.1    4.0    5.0    7.0    7.0    6.1   14.6
2024  9 21 265 12.00  559.0   32.7  242.8  5.372E+06  3.086E+04  2.638E+02 1.622E-16  937.2   937  2.443E+06  1.453E-01  9.200E+04  5.986E+04  153.9  153.9    5.1    4.0    5.0    7.0    7.0    6.1   14.6
2024  9 21 265 12.00  560.0   32.7  242.8  5.282E+06  2.996E+04  2.550E+02 1.597E-16  937.2   937  2.432E+06  1.393E-01  9.190E+04  5.898E+04  153.9  153.9    5.1    4.0    5.0    7.0    7.0    6.1   14.6
2024  9 21 265 12.00  561.0   32.7  242.8  5.193E+06  2.908E+04  2.465E+02 1.572E-16  937.2   937  2.422E+06  1.335E-01  9.181E+04  5.811E+04  153.9  153.9    5.1    4.0    5.0    7.0    7.0    6.1   14.6
2024  9 21 265 12.00  562.0   32.7  242.8  5.106E+06  2.823E+04  2.383E+02 1.547E-16  937.2   937  2.412E+06  1.280E-01  9.171E+04  5.725E+04  153.9  153.9    5.1    4.0    5.0    7.0    7.0    6.1   14.6
2024  9 21 265 12.00  563.0   32.7  242.8  5.020E+06  2.740E+04  2.303E+02 1.523E-16  937.2   937  2.402E+06  1.227E-01  9.161E+04  5.640E+04  153.9  153.9    5.1    4.0    5.0    7.0    7.0    6.1   14.6
2024  9 21 265 12.00  564.0   32.7  242.8  4.935E+06  2.660E+04  2.226E+02 1.499E-16  937.2   937  2.391E+06  1.176E-01  9.151E+04  5.557E+04  153.9  153.9    5.1    4.0    5.0    7.0    7.0    6.1   14.6
2024  9 21 265 12.00  565.0   32.7  242.8  4.852E+06  2.582E+04  2.152E+02 1.476E-16  937.2   937  2.381E+06  1.127E-01  9.142E+04  5.475E+04  153.9  153.9    5.1    4.0    5.0    7.0    7.0    6.1   14.6
2024  9 21 265 12.00  566.0   32.7  242.8  4.771E+06  2.507E+04  2.080E+02 1.453E-16  937.2   937  2.371E+06  1.080E-01  9.132E+04  5.395E+04  153.9  153.9    5.1    4.0    5.0    7.0    7.0    6.1   14.6
2024  9 21 265 12.00  567.0   32.7  242.8  4.691E+06  2.433E+04  2.011E+02 1.431E-16  937.2   937  2.361E+06  1.036E-01  9.122E+04  5.315E+04  153.9  153.9    5.1    4.0    5.0    7.0    7.0    6.1   14.6
2024  9 21 265 12.00  568.0   32.7  242.8  4.612E+06  2.362E+04  1.944E+02 1.409E-16  937.2   937  2.351E+06  9.927E-02  9.113E+04  5.237E+04  153.9  153.9    5.1    4.0    5.0    7.0    7.0    6.1   14.6
2024  9 21 265 12.00  569.0   32.7  242.8  4.534E+06  2.293E+04  1.879E+02 1.387E-16  937.2   937  2.341E+06  9.516E-02  9.103E+04  5.160E+04  153.9  153.9    5.1    4.0    5.0    7.0    7.0    6.1   14.6
2024  9 21 265 12.00  570.0   32.7  242.8  4.458E+06  2.226E+04  1.817E+02 1.366E-16  937.2   937  2.331E+06  9.122E-02  9.093E+04  5.084E+04  153.9  153.9    5.1    4.0    5.0    7.0    7.0    6.1   14.6
2024  9 21 265 12.00  571.0   32.7  242.8  4.383E+06  2.161E+04  1.756E+02 1.345E-16  937.2   937  2.322E+06  8.744E-02  9.084E+04  5.009E+04  153.9  153.9    5.1    4.0    5.0    7.0    7.0    6.1   14.6
2024  9 21 265 12.00  572.0   32.7  242.8  4.310E+06  2.098E+04  1.698E+02 1.324E-16  937.2   937  2.312E+06  8.383E-02  9.074E+04  4.935E+04  153.9  153.9    5.1    4.0    5.0    7.0    7.0    6.1   14.6
2024  9 21 265 12.00  573.0   32.7  242.8  4.237E+06  2.037E+04  1.641E+02 1.304E-16  937.2   937  2.302E+06  8.036E-02  9.065E+04  4.863E+04  153.9  153.9    5.1    4.0    5.0    7.0    7.0    6.1   14.6
2024  9 21 265 12.00  574.0   32.7  242.8  4.166E+06  1.977E+04  1.586E+02 1.284E-16  937.2   937  2.292E+06  7.703E-02  9.055E+04  4.791E+04  153.9  153.9    5.1    4.0    5.0    7.0    7.0    6.1   14.6
2024  9 21 265 12.00  575.0   32.7  242.8  4.096E+06  1.920E+04  1.534E+02 1.264E-16  937.2   937  2.283E+06  7.385E-02  9.045E+04  4.721E+04  153.9  153.9    5.1    4.0    5.0    7.0    7.0    6.1   14.6
2024  9 21 265 12.00  576.0   32.7  242.8  4.028E+06  1.864E+04  1.483E+02 1.245E-16  937.2   937  2.273E+06  7.080E-02  9.036E+04  4.652E+04  153.9  153.9    5.1    4.0    5.0    7.0    7.0    6.1   14.6
2024  9 21 265 12.00  577.0   32.7  242.8  3.960E+06  1.809E+04  1.433E+02 1.226E-16  937.2   937  2.263E+06  6.787E-02  9.026E+04  4.583E+04  153.9  153.9    5.1    4.0    5.0    7.0    7.0    6.1   14.6
2024  9 21 265 12.00  578.0   32.7  242.8  3.894E+06  1.757E+04  1.386E+02 1.207E-16  937.2   937  2.254E+06  6.507E-02  9.017E+04  4.516E+04  153.9  153.9    5.1    4.0    5.0    7.0    7.0    6.1   14.6
2024  9 21 265 12.00  579.0   32.7  242.8  3.829E+06  1.705E+04  1.340E+02 1.189E-16  937.2   937  2.244E+06  6.238E-02  9.007E+04  4.450E+04  153.9  153.9    5.1    4.0    5.0    7.0    7.0    6.1   14.6
2024  9 21 265 12.00  580.0   32.7  242.8  3.765E+06  1.656E+04  1.295E+02 1.171E-16  937.2   937  2.235E+06  5.981E-02  8.998E+04  4.384E+04  153.9  153.9    5.1    4.0    5.0    7.0    7.0    6.1   14.6
2024  9 21 265 12.00  581.0   32.7  242.8  3.702E+06  1.607E+04  1.252E+02 1.153E-16  937.2   937  2.226E+06  5.734E-02  8.988E+04  4.320E+04  153.9  153.9    5.1    4.0    5.0    7.0    7.0    6.1   14.6
2024  9 21 265 12.00  582.0   32.7  242.8  3.640E+06  1.561E+04  1.211E+02 1.135E-16  937.2   937  2.216E+06  5.497E-02  8.979E+04  4.257E+04  153.9  153.9    5.1    4.0    5.0    7.0    7.0    6.1   14.6
2024  9 21 265 12.00  583.0   32.7  242.8  3.579E+06  1.515E+04  1.171E+02 1.118E-16  937.2   937  2.207E+06  5.270E-02  8.969E+04  4.194E+04  153.9  153.9    5.1    4.0    5.0    7.0    7.0    6.1   14.6
2024  9 21 265 12.00  584.0   32.7  242.8  3.519E+06  1.471E+04  1.132E+02 1.101E-16  937.2   937  2.198E+06  5.053E-02  8.960E+04  4.133E+04  153.9  153.9    5.1    4.0    5.0    7.0    7.0    6.1   14.6
2024  9 21 265 12.00  585.0   32.7  242.8  3.460E+06  1.428E+04  1.094E+02 1.085E-16  937.2   937  2.188E+06  4.845E-02  8.950E+04  4.072E+04  153.9  153.9    5.1    4.0    5.0    7.0    7.0    6.1   14.6
2024  9 21 265 12.00  586.0   32.7  242.8  3.402E+06  1.387E+04  1.058E+02 1.068E-16  937.2   937  2.179E+06  4.645E-02  8.941E+04  4.013E+04  153.9  153.9    5.1    4.0    5.0    7.0    7.0    6.1   14.6
2024  9 21 265 12.00  587.0   32.7  242.8  3.345E+06  1.346E+04  1.023E+02 1.052E-16  937.2   937  2.170E+06  4.454E-02  8.932E+04  3.954E+04  153.9  153.9    5.1    4.0    5.0    7.0    7.0    6.1   14.6
2024  9 21 265 12.00  588.0   32.7  242.8  3.289E+06  1.307E+04  9.890E+01 1.037E-16  937.2   937  2.161E+06  4.270E-02  8.922E+04  3.896E+04  153.9  153.9    5.1    4.0    5.0    7.0    7.0    6.1   14.6
2024  9 21 265 12.00  589.0   32.7  242.8  3.235E+06  1.269E+04  9.562E+01 1.021E-16  937.2   937  2.152E+06  4.094E-02  8.913E+04  3.839E+04  153.9  153.9    5.1    4.0    5.0    7.0    7.0    6.1   14.6
2024  9 21 265 12.00  590.0   32.7  242.8  3.181E+06  1.232E+04  9.246E+01 1.006E-16  937.2   937  2.143E+06  3.926E-02  8.903E+04  3.783E+04  153.9  153.9    5.1    4.0    5.0    7.0    7.0    6.1   14.6
2024  9 21 265 12.00  591.0   32.7  242.8  3.127E+06  1.197E+04  8.940E+01 9.908E-17  937.2   937  2.134E+06  3.764E-02  8.894E+04  3.727E+04  153.9  153.9    5.1    4.0    5.0    7.0    7.0    6.1   14.6
2024  9 21 265 12.00  592.0   32.7  242.8  3.075E+06  1.162E+04  8.644E+01 9.760E-17  937.2   937  2.125E+06  3.609E-02  8.885E+04  3.673E+04  153.9  153.9    5.1    4.0    5.0    7.0    7.0    6.1   14.6
2024  9 21 265 12.00  593.0   32.7  242.8  3.024E+06  1.128E+04  8.358E+01 9.615E-17  937.2   937  2.116E+06  3.461E-02  8.875E+04  3.619E+04  153.9  153.9    5.1    4.0    5.0    7.0    7.0    6.1   14.6
2024  9 21 265 12.00  594.0   32.7  242.8  2.974E+06  1.095E+04  8.081E+01 9.473E-17  937.2   937  2.107E+06  3.319E-02  8.866E+04  3.566E+04  153.9  153.9    5.1    4.0    5.0    7.0    7.0    6.1   14.6
2024  9 21 265 12.00  595.0   32.7  242.8  2.924E+06  1.064E+04  7.814E+01 9.332E-17  937.2   937  2.098E+06  3.182E-02  8.857E+04  3.514E+04  153.9  153.9    5.1    4.0    5.0    7.0    7.0    6.1   14.6
2024  9 21 265 12.00  596.0   32.7  242.8  2.875E+06  1.033E+04  7.556E+01 9.194E-17  937.2   937  2.089E+06  3.051E-02  8.847E+04  3.463E+04  153.9  153.9    5.1    4.0    5.0    7.0    7.0    6.1   14.6
2024  9 21 265 12.00  597.0   32.7  242.8  2.827E+06  1.003E+04  7.306E+01 9.058E-17  937.2   937  2.081E+06  2.926E-02  8.838E+04  3.412E+04  153.9  153.9    5.1    4.0    5.0    7.0    7.0    6.1   14.6
2024  9 21 265 12.00  598.0   32.7  242.8  2.780E+06  9.738E+03  7.065E+01 8.925E-17  937.2   937  2.072E+06  2.806E-02  8.829E+04  3.363E+04  153.9  153.9    5.1    4.0    5.0    7.0    7.0    6.1   14.6
2024  9 21 265 12.00  599.0   32.7  242.8  2.734E+06  9.456E+03  6.831E+01 8.794E-17  937.2   937  2.063E+06  2.691E-02  8.820E+04  3.313E+04  153.9  153.9    5.1    4.0    5.0    7.0    7.0    6.1   14.6