Since the F10.7 (3-month avg) of the requested date is not yet available, the value of F10.7 (daily) is used instead as the value of F10.7 (3-monthavg).
Year Mon Day DOY hour Heit(km) Lat  Lon Oden(cm-3) N2den(cm-3) O2den(cm-3) air(gm/cm3) T(K) exoT(K) Heden(cm-3)Arden(cm-3) Hden(cm-3) Nden(cm-3) F107 F107a apdaily  ap0-3 ap3-6 ap6-9 ap9-12 ap12-33 ap33-59
2024  9 21 265 12.00    0.0   32.7  242.8  9.999E-38  1.926E+19  5.164E+18 1.186E-03  294.5   937  1.283E+14  2.302E+17  9.999E-38  9.999E-38  153.9  153.9    5.1    4.0    5.0    7.0    7.0    6.1   14.6
2024  9 21 265 12.00    5.0   32.7  242.8  9.999E-38  1.145E+19  3.071E+18 7.049E-04  271.2   937  7.625E+13  1.368E+17  9.999E-38  9.999E-38  153.9  153.9    5.1    4.0    5.0    7.0    7.0    6.1   14.6
2024  9 21 265 12.00   10.0   32.7  242.8  9.999E-38  6.742E+18  1.808E+18 4.150E-04  235.5   937  4.490E+13  8.058E+16  9.999E-38  9.999E-38  153.9  153.9    5.1    4.0    5.0    7.0    7.0    6.1   14.6
2024  9 21 265 12.00   15.0   32.7  242.8  9.999E-38  3.531E+18  9.469E+17 2.174E-04  206.4   937  2.352E+13  4.220E+16  9.999E-38  9.999E-38  153.9  153.9    5.1    4.0    5.0    7.0    7.0    6.1   14.6
2024  9 21 265 12.00   20.0   32.7  242.8  9.999E-38  1.522E+18  4.082E+17 9.370E-05  210.8   937  1.014E+13  1.819E+16  9.999E-38  9.999E-38  153.9  153.9    5.1    4.0    5.0    7.0    7.0    6.1   14.6
2024  9 21 265 12.00   25.0   32.7  242.8  9.999E-38  6.667E+17  1.788E+17 4.104E-05  219.0   937  4.440E+12  7.968E+15  9.999E-38  9.999E-38  153.9  153.9    5.1    4.0    5.0    7.0    7.0    6.1   14.6
2024  9 21 265 12.00   30.0   32.7  242.8  9.999E-38  3.021E+17  8.101E+16 1.860E-05  225.9   937  2.012E+12  3.610E+15  9.999E-38  9.999E-38  153.9  153.9    5.1    4.0    5.0    7.0    7.0    6.1   14.6
2024  9 21 265 12.00   35.0   32.7  242.8  9.999E-38  1.398E+17  3.749E+16 8.605E-06  234.2   937  9.309E+11  1.671E+15  9.999E-38  9.999E-38  153.9  153.9    5.1    4.0    5.0    7.0    7.0    6.1   14.6
2024  9 21 265 12.00   40.0   32.7  242.8  9.999E-38  6.606E+16  1.771E+16 4.067E-06  245.0   937  4.399E+11  7.895E+14  9.999E-38  9.999E-38  153.9  153.9    5.1    4.0    5.0    7.0    7.0    6.1   14.6
2024  9 21 265 12.00   45.0   32.7  242.8  9.999E-38  3.234E+16  8.673E+15 1.991E-06  255.6   937  2.154E+11  3.865E+14  9.999E-38  9.999E-38  153.9  153.9    5.1    4.0    5.0    7.0    7.0    6.1   14.6
2024  9 21 265 12.00   50.0   32.7  242.8  9.999E-38  1.672E+16  4.484E+15 1.029E-06  257.4   937  1.114E+11  1.999E+14  9.999E-38  9.999E-38  153.9  153.9    5.1    4.0    5.0    7.0    7.0    6.1   14.6
2024  9 21 265 12.00   55.0   32.7  242.8  4.914E+07  8.939E+15  2.397E+15 5.503E-07  248.4   937  5.953E+10  1.068E+14  9.999E-38  9.999E-38  153.9  153.9    5.1    4.0    5.0    7.0    7.0    6.1   14.6
2024  9 21 265 12.00   60.0   32.7  242.8  4.263E+07  4.680E+15  1.255E+15 2.881E-07  238.1   937  3.117E+10  5.593E+13  9.999E-38  9.999E-38  153.9  153.9    5.1    4.0    5.0    7.0    7.0    6.1   14.6
2024  9 21 265 12.00   65.0   32.7  242.8  5.036E+07  2.393E+15  6.417E+14 1.473E-07  226.8   937  1.594E+10  2.860E+13  9.999E-38  9.999E-38  153.9  153.9    5.1    4.0    5.0    7.0    7.0    6.1   14.6
2024  9 21 265 12.00   70.0   32.7  242.8  1.080E+08  1.189E+15  3.187E+14 7.317E-08  213.9   937  7.915E+09  1.420E+13  9.999E-38  9.999E-38  153.9  153.9    5.1    4.0    5.0    7.0    7.0    6.1   14.6
2024  9 21 265 12.00   75.0   32.7  242.8  3.171E+08  5.633E+14  1.510E+14 3.467E-08  202.6   937  3.751E+09  6.732E+12  9.999E-38  9.999E-38  153.9  153.9    5.1    4.0    5.0    7.0    7.0    6.1   14.6
2024  9 21 265 12.00   80.0   32.7  242.8  2.192E+09  2.571E+14  6.894E+13 1.583E-08  189.5   937  1.736E+09  3.072E+12  1.630E+08  9.999E-38  153.9  153.9    5.1    4.0    5.0    7.0    7.0    6.1   14.6
2024  9 21 265 12.00   85.0   32.7  242.8  6.222E+10  1.049E+14  2.812E+13 6.457E-09  193.7   937  7.500E+08  1.253E+12  2.026E+08  9.999E-38  153.9  153.9    5.1    4.0    5.0    7.0    7.0    6.1   14.6
2024  9 21 265 12.00   90.0   32.7  242.8  3.865E+11  4.461E+13  1.190E+13 2.753E-09  195.2   937  3.617E+08  5.273E+11  1.234E+08  9.999E-38  153.9  153.9    5.1    4.0    5.0    7.0    7.0    6.1   14.6
2024  9 21 265 12.00   95.0   32.7  242.8  8.105E+11  1.964E+13  5.123E+12 1.222E-09  187.4   937  2.078E+08  2.227E+11  7.502E+07  3.414E+04  153.9  153.9    5.1    4.0    5.0    7.0    7.0    6.1   14.6
2024  9 21 265 12.00  100.0   32.7  242.8  6.528E+11  8.281E+12  2.029E+12 5.160E-10  184.3   937  1.333E+08  8.391E+10  4.513E+07  6.793E+04  153.9  153.9    5.1    4.0    5.0    7.0    7.0    6.1   14.6
2024  9 21 265 12.00  105.0   32.7  242.8  3.066E+11  3.280E+12  7.230E+11 2.010E-10  197.1   937  9.218E+07  2.735E+10  2.608E+07  1.210E+05  153.9  153.9    5.1    4.0    5.0    7.0    7.0    6.1   14.6
2024  9 21 265 12.00  110.0   32.7  242.8  1.631E+11  1.275E+12  2.461E+11 7.726E-11  239.1   937  6.542E+07  8.469E+09  1.441E+07  1.989E+05  153.9  153.9    5.1    4.0    5.0    7.0    7.0    6.1   14.6
2024  9 21 265 12.00  115.0   32.7  242.8  9.555E+10  5.415E+11  9.099E+10 3.276E-11  311.5   937  4.664E+07  2.888E+09  7.816E+06  3.185E+05  153.9  153.9    5.1    4.0    5.0    7.0    7.0    6.1   14.6
2024  9 21 265 12.00  120.0   32.7  242.8  6.279E+10  2.739E+11  4.021E+10 1.663E-11  389.5   937  3.616E+07  1.193E+09  4.640E+06  5.281E+05  153.9  153.9    5.1    4.0    5.0    7.0    7.0    6.1   14.6
2024  9 21 265 12.00  125.0   32.7  242.8  4.548E+10  1.605E+11  2.074E+10 9.813E-12  456.1   937  3.027E+07  5.788E+08  3.052E+06  8.866E+05  153.9  153.9    5.1    4.0    5.0    7.0    7.0    6.1   14.6
2024  9 21 265 12.00  130.0   32.7  242.8  3.465E+10  1.027E+11  1.180E+10 6.348E-12  513.0   937  2.649E+07  3.116E+08  2.138E+06  1.435E+06  153.9  153.9    5.1    4.0    5.0    7.0    7.0    6.1   14.6
2024  9 21 265 12.00  135.0   32.7  242.8  2.724E+10  6.969E+10  7.174E+09 4.359E-12  563.2   937  2.381E+07  1.800E+08  1.564E+06  2.209E+06  153.9  153.9    5.1    4.0    5.0    7.0    7.0    6.1   14.6
2024  9 21 265 12.00  140.0   32.7  242.8  2.195E+10  4.931E+10  4.583E+09 3.128E-12  607.3   937  2.181E+07  1.094E+08  1.184E+06  3.236E+06  153.9  153.9    5.1    4.0    5.0    7.0    7.0    6.1   14.6
2024  9 21 265 12.00  145.0   32.7  242.8  1.806E+10  3.603E+10  3.046E+09 2.322E-12  646.2   937  2.027E+07  6.928E+07  9.207E+05  4.524E+06  153.9  153.9    5.1    4.0    5.0    7.0    7.0    6.1   14.6
2024  9 21 265 12.00  150.0   32.7  242.8  1.508E+10  2.698E+10  2.091E+09 1.770E-12  680.4   937  1.904E+07  4.538E+07  7.332E+05  6.032E+06  153.9  153.9    5.1    4.0    5.0    7.0    7.0    6.1   14.6
2024  9 21 265 12.00  155.0   32.7  242.8  1.274E+10  2.060E+10  1.474E+09 1.378E-12  710.6   937  1.803E+07  3.057E+07  5.964E+05  7.682E+06  153.9  153.9    5.1    4.0    5.0    7.0    7.0    6.1   14.6
2024  9 21 265 12.00  160.0   32.7  242.8  1.088E+10  1.599E+10  1.063E+09 1.091E-12  737.2   937  1.718E+07  2.107E+07  4.947E+05  9.367E+06  153.9  153.9    5.1    4.0    5.0    7.0    7.0    6.1   14.6
2024  9 21 265 12.00  165.0   32.7  242.8  9.372E+09  1.257E+10  7.819E+08 8.765E-13  760.6   937  1.645E+07  1.481E+07  4.180E+05  1.096E+07  153.9  153.9    5.1    4.0    5.0    7.0    7.0    6.1   14.6
2024  9 21 265 12.00  170.0   32.7  242.8  8.133E+09  9.985E+09  5.849E+08 7.127E-13  781.3   937  1.581E+07  1.059E+07  3.595E+05  1.235E+07  153.9  153.9    5.1    4.0    5.0    7.0    7.0    6.1   14.6
2024  9 21 265 12.00  175.0   32.7  242.8  7.103E+09  8.006E+09  4.439E+08 5.857E-13  799.5   937  1.523E+07  7.676E+06  3.143E+05  1.346E+07  153.9  153.9    5.1    4.0    5.0    7.0    7.0    6.1   14.6
2024  9 21 265 12.00  180.0   32.7  242.8  6.238E+09  6.469E+09  3.412E+08 4.856E-13  815.6   937  1.471E+07  5.634E+06  2.791E+05  1.423E+07  153.9  153.9    5.1    4.0    5.0    7.0    7.0    6.1   14.6
2024  9 21 265 12.00  185.0   32.7  242.8  5.504E+09  5.261E+09  2.652E+08 4.057E-13  829.7   937  1.423E+07  4.179E+06  2.514E+05  1.465E+07  153.9  153.9    5.1    4.0    5.0    7.0    7.0    6.1   14.6
2024  9 21 265 12.00  190.0   32.7  242.8  4.876E+09  4.302E+09  2.080E+08 3.414E-13  842.2   937  1.378E+07  3.128E+06  2.294E+05  1.476E+07  153.9  153.9    5.1    4.0    5.0    7.0    7.0    6.1   14.6
2024  9 21 265 12.00  195.0   32.7  242.8  4.335E+09  3.535E+09  1.645E+08 2.889E-13  853.3   937  1.336E+07  2.359E+06  2.118E+05  1.460E+07  153.9  153.9    5.1    4.0    5.0    7.0    7.0    6.1   14.6
2024  9 21 265 12.00  200.0   32.7  242.8  3.865E+09  2.917E+09  1.309E+08 2.459E-13  863.0   937  1.296E+07  1.791E+06  1.976E+05  1.422E+07  153.9  153.9    5.1    4.0    5.0    7.0    7.0    6.1   14.6
2024  9 21 265 12.00  205.0   32.7  242.8  3.456E+09  2.416E+09  1.049E+08 2.103E-13  871.6   937  1.259E+07  1.368E+06  1.860E+05  1.368E+07  153.9  153.9    5.1    4.0    5.0    7.0    7.0    6.1   14.6
2024  9 21 265 12.00  210.0   32.7  242.8  3.097E+09  2.007E+09  8.440E+07 1.806E-13  879.2   937  1.223E+07  1.050E+06  1.765E+05  1.304E+07  153.9  153.9    5.1    4.0    5.0    7.0    7.0    6.1   14.6
2024  9 21 265 12.00  215.0   32.7  242.8  2.781E+09  1.672E+09  6.822E+07 1.557E-13  885.9   937  1.189E+07  8.090E+05  1.687E+05  1.232E+07  153.9  153.9    5.1    4.0    5.0    7.0    7.0    6.1   14.6
2024  9 21 265 12.00  220.0   32.7  242.8  2.502E+09  1.396E+09  5.535E+07 1.348E-13  891.8   937  1.156E+07  6.258E+05  1.621E+05  1.158E+07  153.9  153.9    5.1    4.0    5.0    7.0    7.0    6.1   14.6
2024  9 21 265 12.00  225.0   32.7  242.8  2.255E+09  1.168E+09  4.505E+07 1.170E-13  897.0   937  1.125E+07  4.857E+05  1.566E+05  1.083E+07  153.9  153.9    5.1    4.0    5.0    7.0    7.0    6.1   14.6
2024  9 21 265 12.00  230.0   32.7  242.8  2.034E+09  9.798E+08  3.677E+07 1.019E-13  901.6   937  1.095E+07  3.781E+05  1.520E+05  1.008E+07  153.9  153.9    5.1    4.0    5.0    7.0    7.0    6.1   14.6
2024  9 21 265 12.00  235.0   32.7  242.8  1.838E+09  8.229E+08  3.008E+07 8.902E-14  905.7   937  1.066E+07  2.950E+05  1.481E+05  9.365E+06  153.9  153.9    5.1    4.0    5.0    7.0    7.0    6.1   14.6
2024  9 21 265 12.00  240.0   32.7  242.8  1.662E+09  6.923E+08  2.466E+07 7.796E-14  909.3   937  1.039E+07  2.307E+05  1.447E+05  8.679E+06  153.9  153.9    5.1    4.0    5.0    7.0    7.0    6.1   14.6
2024  9 21 265 12.00  245.0   32.7  242.8  1.505E+09  5.831E+08  2.026E+07 6.845E-14  912.5   937  1.012E+07  1.807E+05  1.417E+05  8.030E+06  153.9  153.9    5.1    4.0    5.0    7.0    7.0    6.1   14.6
2024  9 21 265 12.00  250.0   32.7  242.8  1.364E+09  4.918E+08  1.667E+07 6.024E-14  915.3   937  9.863E+06  1.419E+05  1.392E+05  7.421E+06  153.9  153.9    5.1    4.0    5.0    7.0    7.0    6.1   14.6
2024  9 21 265 12.00  255.0   32.7  242.8  1.237E+09  4.152E+08  1.373E+07 5.313E-14  917.8   937  9.615E+06  1.115E+05  1.369E+05  6.852E+06  153.9  153.9    5.1    4.0    5.0    7.0    7.0    6.1   14.6
2024  9 21 265 12.00  260.0   32.7  242.8  1.122E+09  3.509E+08  1.133E+07 4.695E-14  920.0   937  9.376E+06  8.778E+04  1.349E+05  6.322E+06  153.9  153.9    5.1    4.0    5.0    7.0    7.0    6.1   14.6
2024  9 21 265 12.00  265.0   32.7  242.8  1.019E+09  2.969E+08  9.354E+06 4.158E-14  922.0   937  9.144E+06  6.918E+04  1.331E+05  5.831E+06  153.9  153.9    5.1    4.0    5.0    7.0    7.0    6.1   14.6
2024  9 21 265 12.00  270.0   32.7  242.8  9.257E+08  2.513E+08  7.732E+06 3.688E-14  923.7   937  8.920E+06  5.459E+04  1.315E+05  5.377E+06  153.9  153.9    5.1    4.0    5.0    7.0    7.0    6.1   14.6
2024  9 21 265 12.00  275.0   32.7  242.8  8.415E+08  2.129E+08  6.398E+06 3.278E-14  925.3   937  8.704E+06  4.312E+04  1.301E+05  4.957E+06  153.9  153.9    5.1    4.0    5.0    7.0    7.0    6.1   14.6
2024  9 21 265 12.00  280.0   32.7  242.8  7.653E+08  1.805E+08  5.298E+06 2.918E-14  926.6   937  8.494E+06  3.409E+04  1.287E+05  4.570E+06  153.9  153.9    5.1    4.0    5.0    7.0    7.0    6.1   14.6
2024  9 21 265 12.00  285.0   32.7  242.8  6.963E+08  1.532E+08  4.391E+06 2.601E-14  927.8   937  8.291E+06  2.698E+04  1.275E+05  4.213E+06  153.9  153.9    5.1    4.0    5.0    7.0    7.0    6.1   14.6
2024  9 21 265 12.00  290.0   32.7  242.8  6.338E+08  1.300E+08  3.642E+06 2.323E-14  928.9   937  8.093E+06  2.137E+04  1.263E+05  3.884E+06  153.9  153.9    5.1    4.0    5.0    7.0    7.0    6.1   14.6
2024  9 21 265 12.00  295.0   32.7  242.8  5.772E+08  1.104E+08  3.022E+06 2.077E-14  929.8   937  7.902E+06  1.693E+04  1.253E+05  3.582E+06  153.9  153.9    5.1    4.0    5.0    7.0    7.0    6.1   14.6
2024  9 21 265 12.00  300.0   32.7  242.8  5.257E+08  9.385E+07  2.509E+06 1.860E-14  930.6   937  7.716E+06  1.343E+04  1.242E+05  3.303E+06  153.9  153.9    5.1    4.0    5.0    7.0    7.0    6.1   14.6
2024  9 21 265 12.00  305.0   32.7  242.8  4.790E+08  7.979E+07  2.085E+06 1.667E-14  931.4   937  7.535E+06  1.066E+04  1.233E+05  3.046E+06  153.9  153.9    5.1    4.0    5.0    7.0    7.0    6.1   14.6
2024  9 21 265 12.00  310.0   32.7  242.8  4.366E+08  6.787E+07  1.733E+06 1.496E-14  932.0   937  7.360E+06  8.465E+03  1.224E+05  2.810E+06  153.9  153.9    5.1    4.0    5.0    7.0    7.0    6.1   14.6
2024  9 21 265 12.00  315.0   32.7  242.8  3.981E+08  5.776E+07  1.441E+06 1.345E-14  932.6   937  7.189E+06  6.726E+03  1.215E+05  2.592E+06  153.9  153.9    5.1    4.0    5.0    7.0    7.0    6.1   14.6
2024  9 21 265 12.00  320.0   32.7  242.8  3.630E+08  4.917E+07  1.199E+06 1.210E-14  933.1   937  7.023E+06  5.348E+03  1.206E+05  2.392E+06  153.9  153.9    5.1    4.0    5.0    7.0    7.0    6.1   14.6
2024  9 21 265 12.00  325.0   32.7  242.8  3.311E+08  4.187E+07  9.984E+05 1.090E-14  933.6   937  6.862E+06  4.254E+03  1.198E+05  2.207E+06  153.9  153.9    5.1    4.0    5.0    7.0    7.0    6.1   14.6
2024  9 21 265 12.00  330.0   32.7  242.8  3.021E+08  3.567E+07  8.314E+05 9.822E-15  934.0   937  6.704E+06  3.386E+03  1.190E+05  2.037E+06  153.9  153.9    5.1    4.0    5.0    7.0    7.0    6.1   14.6
2024  9 21 265 12.00  335.0   32.7  242.8  2.757E+08  3.040E+07  6.927E+05 8.863E-15  934.3   937  6.551E+06  2.696E+03  1.183E+05  1.881E+06  153.9  153.9    5.1    4.0    5.0    7.0    7.0    6.1   14.6
2024  9 21 265 12.00  340.0   32.7  242.8  2.517E+08  2.592E+07  5.773E+05 8.005E-15  934.7   937  6.402E+06  2.148E+03  1.175E+05  1.736E+06  153.9  153.9    5.1    4.0    5.0    7.0    7.0    6.1   14.6
2024  9 21 265 12.00  345.0   32.7  242.8  2.297E+08  2.211E+07  4.813E+05 7.237E-15  934.9   937  6.257E+06  1.712E+03  1.168E+05  1.603E+06  153.9  153.9    5.1    4.0    5.0    7.0    7.0    6.1   14.6
2024  9 21 265 12.00  350.0   32.7  242.8  2.098E+08  1.886E+07  4.014E+05 6.548E-15  935.2   937  6.115E+06  1.365E+03  1.161E+05  1.481E+06  153.9  153.9    5.1    4.0    5.0    7.0    7.0    6.1   14.6
2024  9 21 265 12.00  355.0   32.7  242.8  1.916E+08  1.609E+07  3.349E+05 5.929E-15  935.4   937  5.977E+06  1.089E+03  1.153E+05  1.368E+06  153.9  153.9    5.1    4.0    5.0    7.0    7.0    6.1   14.6
2024  9 21 265 12.00  360.0   32.7  242.8  1.750E+08  1.374E+07  2.795E+05 5.372E-15  935.6   937  5.843E+06  8.687E+02  1.147E+05  1.264E+06  153.9  153.9    5.1    4.0    5.0    7.0    7.0    6.1   14.6
2024  9 21 265 12.00  365.0   32.7  242.8  1.599E+08  1.173E+07  2.334E+05 4.872E-15  935.8   937  5.712E+06  6.935E+02  1.140E+05  1.168E+06  153.9  153.9    5.1    4.0    5.0    7.0    7.0    6.1   14.6
2024  9 21 265 12.00  370.0   32.7  242.8  1.461E+08  1.002E+07  1.949E+05 4.421E-15  935.9   937  5.584E+06  5.539E+02  1.133E+05  1.079E+06  153.9  153.9    5.1    4.0    5.0    7.0    7.0    6.1   14.6
2024  9 21 265 12.00  375.0   32.7  242.8  1.336E+08  8.558E+06  1.628E+05 4.015E-15  936.1   937  5.459E+06  4.425E+02  1.126E+05  9.973E+05  153.9  153.9    5.1    4.0    5.0    7.0    7.0    6.1   14.6
2024  9 21 265 12.00  380.0   32.7  242.8  1.221E+08  7.314E+06  1.361E+05 3.648E-15  936.2   937  5.337E+06  3.537E+02  1.120E+05  9.219E+05  153.9  153.9    5.1    4.0    5.0    7.0    7.0    6.1   14.6
2024  9 21 265 12.00  385.0   32.7  242.8  1.116E+08  6.252E+06  1.138E+05 3.317E-15  936.3   937  5.219E+06  2.828E+02  1.113E+05  8.523E+05  153.9  153.9    5.1    4.0    5.0    7.0    7.0    6.1   14.6
2024  9 21 265 12.00  390.0   32.7  242.8  1.021E+08  5.345E+06  9.512E+04 3.018E-15  936.4   937  5.103E+06  2.262E+02  1.107E+05  7.881E+05  153.9  153.9    5.1    4.0    5.0    7.0    7.0    6.1   14.6
2024  9 21 265 12.00  395.0   32.7  242.8  9.334E+07  4.572E+06  7.956E+04 2.747E-15  936.5   937  4.990E+06  1.810E+02  1.101E+05  7.288E+05  153.9  153.9    5.1    4.0    5.0    7.0    7.0    6.1   14.6
2024  9 21 265 12.00  400.0   32.7  242.8  8.537E+07  3.911E+06  6.657E+04 2.502E-15  936.6   937  4.880E+06  1.449E+02  1.095E+05  6.740E+05  153.9  153.9    5.1    4.0    5.0    7.0    7.0    6.1   14.6
2024  9 21 265 12.00  405.0   32.7  242.8  7.810E+07  3.346E+06  5.571E+04 2.280E-15  936.6   937  4.772E+06  1.160E+02  1.088E+05  6.235E+05  153.9  153.9    5.1    4.0    5.0    7.0    7.0    6.1   14.6
2024  9 21 265 12.00  410.0   32.7  242.8  7.145E+07  2.864E+06  4.664E+04 2.079E-15  936.7   937  4.667E+06  9.292E+01  1.082E+05  5.768E+05  153.9  153.9    5.1    4.0    5.0    7.0    7.0    6.1   14.6
2024  9 21 265 12.00  415.0   32.7  242.8  6.538E+07  2.452E+06  3.906E+04 1.896E-15  936.8   937  4.564E+06  7.446E+01  1.076E+05  5.337E+05  153.9  153.9    5.1    4.0    5.0    7.0    7.0    6.1   14.6
2024  9 21 265 12.00  420.0   32.7  242.8  5.984E+07  2.100E+06  3.271E+04 1.731E-15  936.8   937  4.464E+06  5.968E+01  1.070E+05  4.938E+05  153.9  153.9    5.1    4.0    5.0    7.0    7.0    6.1   14.6
2024  9 21 265 12.00  425.0   32.7  242.8  5.477E+07  1.798E+06  2.741E+04 1.580E-15  936.8   937  4.366E+06  4.786E+01  1.064E+05  4.570E+05  153.9  153.9    5.1    4.0    5.0    7.0    7.0    6.1   14.6
2024  9 21 265 12.00  430.0   32.7  242.8  5.014E+07  1.541E+06  2.297E+04 1.444E-15  936.9   937  4.271E+06  3.839E+01  1.058E+05  4.230E+05  153.9  153.9    5.1    4.0    5.0    7.0    7.0    6.1   14.6
2024  9 21 265 12.00  435.0   32.7  242.8  4.591E+07  1.320E+06  1.926E+04 1.319E-15  936.9   937  4.177E+06  3.080E+01  1.052E+05  3.916E+05  153.9  153.9    5.1    4.0    5.0    7.0    7.0    6.1   14.6
2024  9 21 265 12.00  440.0   32.7  242.8  4.204E+07  1.132E+06  1.615E+04 1.206E-15  936.9   937  4.086E+06  2.472E+01  1.047E+05  3.625E+05  153.9  153.9    5.1    4.0    5.0    7.0    7.0    6.1   14.6
2024  9 21 265 12.00  445.0   32.7  242.8  3.850E+07  9.702E+05  1.354E+04 1.103E-15  937.0   937  3.997E+06  1.985E+01  1.041E+05  3.357E+05  153.9  153.9    5.1    4.0    5.0    7.0    7.0    6.1   14.6
2024  9 21 265 12.00  450.0   32.7  242.8  3.526E+07  8.320E+05  1.136E+04 1.010E-15  937.0   937  3.911E+06  1.594E+01  1.035E+05  3.108E+05  153.9  153.9    5.1    4.0    5.0    7.0    7.0    6.1   14.6
2024  9 21 265 12.00  455.0   32.7  242.8  3.230E+07  7.136E+05  9.537E+03 9.244E-16  937.0   937  3.826E+06  1.281E+01  1.029E+05  2.879E+05  153.9  153.9    5.1    4.0    5.0    7.0    7.0    6.1   14.6
2024  9 21 265 12.00  460.0   32.7  242.8  2.960E+07  6.122E+05  8.005E+03 8.467E-16  937.0   937  3.743E+06  1.030E+01  1.024E+05  2.666E+05  153.9  153.9    5.1    4.0    5.0    7.0    7.0    6.1   14.6
2024  9 21 265 12.00  465.0   32.7  242.8  2.712E+07  5.254E+05  6.722E+03 7.758E-16  937.1   937  3.662E+06  8.278E+00  1.018E+05  2.470E+05  153.9  153.9    5.1    4.0    5.0    7.0    7.0    6.1   14.6
2024  9 21 265 12.00  470.0   32.7  242.8  2.485E+07  4.510E+05  5.645E+03 7.111E-16  937.1   937  3.583E+06  6.657E+00  1.013E+05  2.288E+05  153.9  153.9    5.1    4.0    5.0    7.0    7.0    6.1   14.6
2024  9 21 265 12.00  475.0   32.7  242.8  2.278E+07  3.872E+05  4.743E+03 6.521E-16  937.1   937  3.506E+06  5.356E+00  1.007E+05  2.120E+05  153.9  153.9    5.1    4.0    5.0    7.0    7.0    6.1   14.6
2024  9 21 265 12.00  480.0   32.7  242.8  2.088E+07  3.325E+05  3.985E+03 5.982E-16  937.1   937  3.430E+06  4.310E+00  1.002E+05  1.965E+05  153.9  153.9    5.1    4.0    5.0    7.0    7.0    6.1   14.6
2024  9 21 265 12.00  485.0   32.7  242.8  1.915E+07  2.855E+05  3.350E+03 5.490E-16  937.1   937  3.357E+06  3.470E+00  9.961E+04  1.821E+05  153.9  153.9    5.1    4.0    5.0    7.0    7.0    6.1   14.6
2024  9 21 265 12.00  490.0   32.7  242.8  1.755E+07  2.453E+05  2.816E+03 5.041E-16  937.1   937  3.284E+06  2.794E+00  9.907E+04  1.688E+05  153.9  153.9    5.1    4.0    5.0    7.0    7.0    6.1   14.6
2024  9 21 265 12.00  495.0   32.7  242.8  1.610E+07  2.108E+05  2.368E+03 4.630E-16  937.1   937  3.214E+06  2.251E+00  9.854E+04  1.564E+05  153.9  153.9    5.1    4.0    5.0    7.0    7.0    6.1   14.6
2024  9 21 265 12.00  500.0   32.7  242.8  1.476E+07  1.812E+05  1.992E+03 4.254E-16  937.1   937  3.145E+06  1.814E+00  9.801E+04  1.450E+05  153.9  153.9    5.1    4.0    5.0    7.0    7.0    6.1   14.6
2024  9 21 265 12.00  505.0   32.7  242.8  1.354E+07  1.558E+05  1.676E+03 3.911E-16  937.1   937  3.078E+06  1.462E+00  9.748E+04  1.345E+05  153.9  153.9    5.1    4.0    5.0    7.0    7.0    6.1   14.6
2024  9 21 265 12.00  510.0   32.7  242.8  1.242E+07  1.339E+05  1.411E+03 3.597E-16  937.1   937  3.012E+06  1.179E+00  9.695E+04  1.247E+05  153.9  153.9    5.1    4.0    5.0    7.0    7.0    6.1   14.6
2024  9 21 265 12.00  515.0   32.7  242.8  1.140E+07  1.152E+05  1.188E+03 3.309E-16  937.1   937  2.948E+06  9.508E-01  9.643E+04  1.156E+05  153.9  153.9    5.1    4.0    5.0    7.0    7.0    6.1   14.6
2024  9 21 265 12.00  520.0   32.7  242.8  1.046E+07  9.909E+04  1.000E+03 3.046E-16  937.2   937  2.886E+06  7.671E-01  9.592E+04  1.073E+05  153.9  153.9    5.1    4.0    5.0    7.0    7.0    6.1   14.6
2024  9 21 265 12.00  525.0   32.7  242.8  9.600E+06  8.526E+04  8.422E+02 2.805E-16  937.2   937  2.824E+06  6.191E-01  9.540E+04  9.950E+04  153.9  153.9    5.1    4.0    5.0    7.0    7.0    6.1   14.6
2024  9 21 265 12.00  530.0   32.7  242.8  8.811E+06  7.338E+04  7.095E+02 2.585E-16  937.2   937  2.764E+06  4.998E-01  9.489E+04  9.230E+04  153.9  153.9    5.1    4.0    5.0    7.0    7.0    6.1   14.6
2024  9 21 265 12.00  535.0   32.7  242.8  8.088E+06  6.317E+04  5.979E+02 2.382E-16  937.2   937  2.706E+06  4.037E-01  9.439E+04  8.564E+04  153.9  153.9    5.1    4.0    5.0    7.0    7.0    6.1   14.6
2024  9 21 265 12.00  540.0   32.7  242.8  7.426E+06  5.439E+04  5.040E+02 2.197E-16  937.2   937  2.649E+06  3.261E-01  9.388E+04  7.947E+04  153.9  153.9    5.1    4.0    5.0    7.0    7.0    6.1   14.6
2024  9 21 265 12.00  545.0   32.7  242.8  6.818E+06  4.684E+04  4.249E+02 2.027E-16  937.2   937  2.593E+06  2.635E-01  9.338E+04  7.375E+04  153.9  153.9    5.1    4.0    5.0    7.0    7.0    6.1   14.6
2024  9 21 265 12.00  550.0   32.7  242.8  6.261E+06  4.035E+04  3.583E+02 1.871E-16  937.2   937  2.538E+06  2.130E-01  9.289E+04  6.844E+04  153.9  153.9    5.1    4.0    5.0    7.0    7.0    6.1   14.6
2024  9 21 265 12.00  555.0   32.7  242.8  5.750E+06  3.476E+04  3.022E+02 1.728E-16  937.2   937  2.485E+06  1.722E-01  9.239E+04  6.353E+04  153.9  153.9    5.1    4.0    5.0    7.0    7.0    6.1   14.6
2024  9 21 265 12.00  560.0   32.7  242.8  5.282E+06  2.996E+04  2.550E+02 1.597E-16  937.2   937  2.432E+06  1.393E-01  9.190E+04  5.898E+04  153.9  153.9    5.1    4.0    5.0    7.0    7.0    6.1   14.6
2024  9 21 265 12.00  565.0   32.7  242.8  4.852E+06  2.582E+04  2.152E+02 1.476E-16  937.2   937  2.381E+06  1.127E-01  9.142E+04  5.475E+04  153.9  153.9    5.1    4.0    5.0    7.0    7.0    6.1   14.6
2024  9 21 265 12.00  570.0   32.7  242.8  4.458E+06  2.226E+04  1.817E+02 1.366E-16  937.2   937  2.331E+06  9.122E-02  9.093E+04  5.084E+04  153.9  153.9    5.1    4.0    5.0    7.0    7.0    6.1   14.6
2024  9 21 265 12.00  575.0   32.7  242.8  4.096E+06  1.920E+04  1.534E+02 1.264E-16  937.2   937  2.283E+06  7.385E-02  9.045E+04  4.721E+04  153.9  153.9    5.1    4.0    5.0    7.0    7.0    6.1   14.6
2024  9 21 265 12.00  580.0   32.7  242.8  3.765E+06  1.656E+04  1.295E+02 1.171E-16  937.2   937  2.235E+06  5.981E-02  8.998E+04  4.384E+04  153.9  153.9    5.1    4.0    5.0    7.0    7.0    6.1   14.6
2024  9 21 265 12.00  585.0   32.7  242.8  3.460E+06  1.428E+04  1.094E+02 1.085E-16  937.2   937  2.188E+06  4.845E-02  8.950E+04  4.072E+04  153.9  153.9    5.1    4.0    5.0    7.0    7.0    6.1   14.6
2024  9 21 265 12.00  590.0   32.7  242.8  3.181E+06  1.232E+04  9.246E+01 1.006E-16  937.2   937  2.143E+06  3.926E-02  8.903E+04  3.783E+04  153.9  153.9    5.1    4.0    5.0    7.0    7.0    6.1   14.6
2024  9 21 265 12.00  595.0   32.7  242.8  2.924E+06  1.064E+04  7.814E+01 9.332E-17  937.2   937  2.098E+06  3.182E-02  8.857E+04  3.514E+04  153.9  153.9    5.1    4.0    5.0    7.0    7.0    6.1   14.6
2024  9 21 265 12.00  600.0   32.7  242.8  2.688E+06  9.182E+03  6.606E+01 8.665E-17  937.2   937  2.055E+06  2.580E-02  8.810E+04  3.265E+04  153.9  153.9    5.1    4.0    5.0    7.0    7.0    6.1   14.6
2024  9 21 265 12.00  605.0   32.7  242.8  2.472E+06  7.928E+03  5.586E+01 8.050E-17  937.2   937  2.012E+06  2.093E-02  8.764E+04  3.034E+04  153.9  153.9    5.1    4.0    5.0    7.0    7.0    6.1   14.6
2024  9 21 265 12.00  610.0   32.7  242.8  2.273E+06  6.847E+03  4.724E+01 7.484E-17  937.2   937  1.970E+06  1.698E-02  8.719E+04  2.819E+04  153.9  153.9    5.1    4.0    5.0    7.0    7.0    6.1   14.6
2024  9 21 265 12.00  615.0   32.7  242.8  2.091E+06  5.914E+03  3.997E+01 6.963E-17  937.2   937  1.929E+06  1.378E-02  8.673E+04  2.620E+04  153.9  153.9    5.1    4.0    5.0    7.0    7.0    6.1   14.6
2024  9 21 265 12.00  620.0   32.7  242.8  1.924E+06  5.110E+03  3.382E+01 6.483E-17  937.2   937  1.890E+06  1.118E-02  8.628E+04  2.436E+04  153.9  153.9    5.1    4.0    5.0    7.0    7.0    6.1   14.6
2024  9 21 265 12.00  625.0   32.7  242.8  1.770E+06  4.415E+03  2.862E+01 6.041E-17  937.2   937  1.851E+06  9.082E-03  8.583E+04  2.264E+04  153.9  153.9    5.1    4.0    5.0    7.0    7.0    6.1   14.6
2024  9 21 265 12.00  630.0   32.7  242.8  1.628E+06  3.816E+03  2.423E+01 5.633E-17  937.2   937  1.812E+06  7.377E-03  8.539E+04  2.105E+04  153.9  153.9    5.1    4.0    5.0    7.0    7.0    6.1   14.6
2024  9 21 265 12.00  635.0   32.7  242.8  1.498E+06  3.299E+03  2.052E+01 5.257E-17  937.2   937  1.775E+06  5.994E-03  8.494E+04  1.957E+04  153.9  153.9    5.1    4.0    5.0    7.0    7.0    6.1   14.6
2024  9 21 265 12.00  640.0   32.7  242.8  1.379E+06  2.853E+03  1.738E+01 4.910E-17  937.2   937  1.739E+06  4.872E-03  8.450E+04  1.820E+04  153.9  153.9    5.1    4.0    5.0    7.0    7.0    6.1   14.6
2024  9 21 265 12.00  645.0   32.7  242.8  1.269E+06  2.467E+03  1.472E+01 4.590E-17  937.2   937  1.703E+06  3.961E-03  8.407E+04  1.693E+04  153.9  153.9    5.1    4.0    5.0    7.0    7.0    6.1   14.6
2024  9 21 265 12.00  650.0   32.7  242.8  1.168E+06  2.134E+03  1.248E+01 4.294E-17  937.2   937  1.668E+06  3.221E-03  8.363E+04  1.574E+04  153.9  153.9    5.1    4.0    5.0    7.0    7.0    6.1   14.6
2024  9 21 265 12.00  655.0   32.7  242.8  1.076E+06  1.847E+03  1.058E+01 4.021E-17  937.2   937  1.634E+06  2.620E-03  8.320E+04  1.464E+04  153.9  153.9    5.1    4.0    5.0    7.0    7.0    6.1   14.6
2024  9 21 265 12.00  660.0   32.7  242.8  9.904E+05  1.598E+03  8.966E+00 3.768E-17  937.2   937  1.601E+06  2.132E-03  8.277E+04  1.362E+04  153.9  153.9    5.1    4.0    5.0    7.0    7.0    6.1   14.6
2024  9 21 265 12.00  665.0   32.7  242.8  9.121E+05  1.383E+03  7.603E+00 3.535E-17  937.2   937  1.568E+06  1.736E-03  8.235E+04  1.267E+04  153.9  153.9    5.1    4.0    5.0    7.0    7.0    6.1   14.6
2024  9 21 265 12.00  670.0   32.7  242.8  8.400E+05  1.198E+03  6.449E+00 3.319E-17  937.2   937  1.536E+06  1.413E-03  8.192E+04  1.179E+04  153.9  153.9    5.1    4.0    5.0    7.0    7.0    6.1   14.6
2024  9 21 265 12.00  675.0   32.7  242.8  7.737E+05  1.037E+03  5.471E+00 3.119E-17  937.2   937  1.505E+06  1.151E-03  8.150E+04  1.097E+04  153.9  153.9    5.1    4.0    5.0    7.0    7.0    6.1   14.6
2024  9 21 265 12.00  680.0   32.7  242.8  7.127E+05  8.983E+02  4.643E+00 2.934E-17  937.2   937  1.474E+06  9.376E-04  8.109E+04  1.021E+04  153.9  153.9    5.1    4.0    5.0    7.0    7.0    6.1   14.6
2024  9 21 265 12.00  685.0   32.7  242.8  6.566E+05  7.782E+02  3.941E+00 2.762E-17  937.2   937  1.444E+06  7.641E-04  8.067E+04  9.505E+03  153.9  153.9    5.1    4.0    5.0    7.0    7.0    6.1   14.6
2024  9 21 265 12.00  690.0   32.7  242.8  6.050E+05  6.743E+02  3.346E+00 2.603E-17  937.2   937  1.415E+06  6.229E-04  8.026E+04  8.848E+03  153.9  153.9    5.1    4.0    5.0    7.0    7.0    6.1   14.6
2024  9 21 265 12.00  695.0   32.7  242.8  5.575E+05  5.844E+02  2.841E+00 2.456E-17  937.2   937  1.386E+06  5.079E-04  7.985E+04  8.237E+03  153.9  153.9    5.1    4.0    5.0    7.0    7.0    6.1   14.6
2024  9 21 265 12.00  700.0   32.7  242.8  5.138E+05  5.066E+02  2.413E+00 2.319E-17  937.2   937  1.358E+06  4.142E-04  7.945E+04  7.669E+03  153.9  153.9    5.1    4.0    5.0    7.0    7.0    6.1   14.6
2024  9 21 265 12.00  705.0   32.7  242.8  4.736E+05  4.392E+02  2.050E+00 2.192E-17  937.2   937  1.331E+06  3.380E-04  7.904E+04  7.141E+03  153.9  153.9    5.1    4.0    5.0    7.0    7.0    6.1   14.6
2024  9 21 265 12.00  710.0   32.7  242.8  4.366E+05  3.809E+02  1.742E+00 2.074E-17  937.2   937  1.304E+06  2.758E-04  7.864E+04  6.650E+03  153.9  153.9    5.1    4.0    5.0    7.0    7.0    6.1   14.6
2024  9 21 265 12.00  715.0   32.7  242.8  4.025E+05  3.303E+02  1.481E+00 1.965E-17  937.2   937  1.278E+06  2.252E-04  7.824E+04  6.193E+03  153.9  153.9    5.1    4.0    5.0    7.0    7.0    6.1   14.6
2024  9 21 265 12.00  720.0   32.7  242.8  3.711E+05  2.866E+02  1.259E+00 1.863E-17  937.2   937  1.252E+06  1.839E-04  7.785E+04  5.768E+03  153.9  153.9    5.1    4.0    5.0    7.0    7.0    6.1   14.6
2024  9 21 265 12.00  725.0   32.7  242.8  3.422E+05  2.487E+02  1.071E+00 1.768E-17  937.2   937  1.227E+06  1.502E-04  7.745E+04  5.373E+03  153.9  153.9    5.1    4.0    5.0    7.0    7.0    6.1   14.6
2024  9 21 265 12.00  730.0   32.7  242.8  3.156E+05  2.158E+02  9.106E-01 1.679E-17  937.2   937  1.203E+06  1.227E-04  7.706E+04  5.006E+03  153.9  153.9    5.1    4.0    5.0    7.0    7.0    6.1   14.6
2024  9 21 265 12.00  735.0   32.7  242.8  2.911E+05  1.873E+02  7.747E-01 1.597E-17  937.2   937  1.179E+06  1.003E-04  7.667E+04  4.664E+03  153.9  153.9    5.1    4.0    5.0    7.0    7.0    6.1   14.6
2024  9 21 265 12.00  740.0   32.7  242.8  2.686E+05  1.627E+02  6.592E-01 1.520E-17  937.2   937  1.155E+06  8.198E-05  7.629E+04  4.346E+03  153.9  153.9    5.1    4.0    5.0    7.0    7.0    6.1   14.6
2024  9 21 265 12.00  745.0   32.7  242.8  2.478E+05  1.413E+02  5.611E-01 1.449E-17  937.2   937  1.132E+06  6.704E-05  7.591E+04  4.050E+03  153.9  153.9    5.1    4.0    5.0    7.0    7.0    6.1   14.6