Since the F10.7 (3-month avg) of the requested date is not yet available, the value of F10.7 (daily) is used instead as the value of F10.7 (3-monthavg).
Year Mon Day DOY hour Heit(km) Lat  Lon Oden(cm-3) N2den(cm-3) O2den(cm-3) air(gm/cm3) T(K) exoT(K) Heden(cm-3)Arden(cm-3) Hden(cm-3) Nden(cm-3) F107 F107a apdaily  ap0-3 ap3-6 ap6-9 ap9-12 ap12-33 ap33-59
2024  9 21 265 12.00    0.0   32.7  242.8  9.999E-38  1.926E+19  5.164E+18 1.186E-03  294.5   937  1.283E+14  2.302E+17  9.999E-38  9.999E-38  153.9  153.9    5.1    4.0    5.0    7.0    7.0    6.1   14.6
2024  9 21 265 12.00    6.0   32.7  242.8  9.999E-38  1.032E+19  2.767E+18 6.352E-04  265.1   937  6.872E+13  1.233E+17  9.999E-38  9.999E-38  153.9  153.9    5.1    4.0    5.0    7.0    7.0    6.1   14.6
2024  9 21 265 12.00   12.0   32.7  242.8  9.999E-38  5.340E+18  1.432E+18 3.287E-04  220.6   937  3.556E+13  6.382E+16  9.999E-38  9.999E-38  153.9  153.9    5.1    4.0    5.0    7.0    7.0    6.1   14.6
2024  9 21 265 12.00   18.0   32.7  242.8  9.999E-38  2.149E+18  5.763E+17 1.323E-04  206.6   937  1.431E+13  2.569E+16  9.999E-38  9.999E-38  153.9  153.9    5.1    4.0    5.0    7.0    7.0    6.1   14.6
2024  9 21 265 12.00   24.0   32.7  242.8  9.999E-38  7.835E+17  2.101E+17 4.823E-05  217.7   937  5.217E+12  9.363E+15  9.999E-38  9.999E-38  153.9  153.9    5.1    4.0    5.0    7.0    7.0    6.1   14.6
2024  9 21 265 12.00   30.0   32.7  242.8  9.999E-38  3.021E+17  8.101E+16 1.860E-05  225.9   937  2.012E+12  3.610E+15  9.999E-38  9.999E-38  153.9  153.9    5.1    4.0    5.0    7.0    7.0    6.1   14.6
2024  9 21 265 12.00   36.0   32.7  242.8  9.999E-38  1.201E+17  3.220E+16 7.393E-06  236.2   937  7.998E+11  1.435E+15  9.999E-38  9.999E-38  153.9  153.9    5.1    4.0    5.0    7.0    7.0    6.1   14.6
2024  9 21 265 12.00   42.0   32.7  242.8  9.999E-38  4.937E+16  1.324E+16 3.039E-06  249.7   937  3.288E+11  5.900E+14  9.999E-38  9.999E-38  153.9  153.9    5.1    4.0    5.0    7.0    7.0    6.1   14.6
2024  9 21 265 12.00   48.0   32.7  242.8  9.999E-38  2.163E+16  5.801E+15 1.332E-06  258.2   937  1.441E+11  2.586E+14  9.999E-38  9.999E-38  153.9  153.9    5.1    4.0    5.0    7.0    7.0    6.1   14.6
2024  9 21 265 12.00   54.0   32.7  242.8  5.266E+07  1.014E+16  2.718E+15 6.239E-07  250.6   937  6.750E+10  1.211E+14  9.999E-38  9.999E-38  153.9  153.9    5.1    4.0    5.0    7.0    7.0    6.1   14.6
2024  9 21 265 12.00   60.0   32.7  242.8  4.263E+07  4.680E+15  1.255E+15 2.881E-07  238.1   937  3.117E+10  5.593E+13  9.999E-38  9.999E-38  153.9  153.9    5.1    4.0    5.0    7.0    7.0    6.1   14.6
2024  9 21 265 12.00   66.0   32.7  242.8  5.579E+07  2.087E+15  5.596E+14 1.285E-07  224.3   937  1.390E+10  2.494E+13  9.999E-38  9.999E-38  153.9  153.9    5.1    4.0    5.0    7.0    7.0    6.1   14.6
2024  9 21 265 12.00   72.0   32.7  242.8  1.602E+08  8.857E+14  2.375E+14 5.452E-08  209.4   937  5.898E+09  1.059E+13  9.999E-38  9.999E-38  153.9  153.9    5.1    4.0    5.0    7.0    7.0    6.1   14.6
2024  9 21 265 12.00   78.0   32.7  242.8  8.493E+08  3.555E+14  9.533E+13 2.188E-08  194.0   937  2.376E+09  4.248E+12  6.644E+07  9.999E-38  153.9  153.9    5.1    4.0    5.0    7.0    7.0    6.1   14.6
2024  9 21 265 12.00   84.0   32.7  242.8  3.260E+10  1.259E+14  3.375E+13 7.749E-09  191.8   937  8.869E+08  1.504E+12  2.169E+08  9.999E-38  153.9  153.9    5.1    4.0    5.0    7.0    7.0    6.1   14.6
2024  9 21 265 12.00   90.0   32.7  242.8  3.865E+11  4.461E+13  1.190E+13 2.753E-09  195.2   937  3.617E+08  5.273E+11  1.234E+08  9.999E-38  153.9  153.9    5.1    4.0    5.0    7.0    7.0    6.1   14.6
2024  9 21 265 12.00   96.0   32.7  242.8  8.417E+11  1.660E+13  4.293E+12 1.035E-09  186.1   937  1.887E+08  1.855E+11  6.796E+07  3.971E+04  153.9  153.9    5.1    4.0    5.0    7.0    7.0    6.1   14.6
2024  9 21 265 12.00  102.0   32.7  242.8  4.830E+11  5.758E+12  1.359E+12 3.565E-10  186.7   937  1.143E+08  5.442E+10  3.644E+07  8.641E+04  153.9  153.9    5.1    4.0    5.0    7.0    7.0    6.1   14.6
2024  9 21 265 12.00  108.0   32.7  242.8  2.068E+11  1.852E+12  3.776E+11 1.126E-10  218.4   937  7.516E+07  1.348E+10  1.839E+07  1.641E+05  153.9  153.9    5.1    4.0    5.0    7.0    7.0    6.1   14.6
2024  9 21 265 12.00  114.0   32.7  242.8  1.055E+11  6.346E+11  1.096E+11 3.838E-11  295.4   937  4.968E+07  3.532E+09  8.797E+06  2.894E+05  153.9  153.9    5.1    4.0    5.0    7.0    7.0    6.1   14.6
2024  9 21 265 12.00  120.0   32.7  242.8  6.279E+10  2.739E+11  4.021E+10 1.663E-11  389.5   937  3.616E+07  1.193E+09  4.640E+06  5.281E+05  153.9  153.9    5.1    4.0    5.0    7.0    7.0    6.1   14.6
2024  9 21 265 12.00  126.0   32.7  242.8  4.295E+10  1.459E+11  1.841E+10 8.942E-12  468.1   937  2.940E+07  5.079E+08  2.831E+06  9.801E+05  153.9  153.9    5.1    4.0    5.0    7.0    7.0    6.1   14.6
2024  9 21 265 12.00  132.0   32.7  242.8  3.137E+10  8.745E+10  9.605E+09 5.428E-12  533.9   937  2.532E+07  2.484E+08  1.878E+06  1.716E+06  153.9  153.9    5.1    4.0    5.0    7.0    7.0    6.1   14.6
2024  9 21 265 12.00  138.0   32.7  242.8  2.387E+10  5.639E+10  5.454E+09 3.556E-12  590.3   937  2.255E+07  1.328E+08  1.319E+06  2.793E+06  153.9  153.9    5.1    4.0    5.0    7.0    7.0    6.1   14.6
2024  9 21 265 12.00  144.0   32.7  242.8  1.875E+10  3.828E+10  3.296E+09 2.459E-12  638.8   937  2.055E+07  7.568E+07  9.663E+05  4.246E+06  153.9  153.9    5.1    4.0    5.0    7.0    7.0    6.1   14.6
2024  9 21 265 12.00  150.0   32.7  242.8  1.508E+10  2.698E+10  2.091E+09 1.770E-12  680.4   937  1.904E+07  4.538E+07  7.332E+05  6.032E+06  153.9  153.9    5.1    4.0    5.0    7.0    7.0    6.1   14.6
2024  9 21 265 12.00  156.0   32.7  242.8  1.234E+10  1.956E+10  1.378E+09 1.313E-12  716.2   937  1.785E+07  2.832E+07  5.736E+05  8.020E+06  153.9  153.9    5.1    4.0    5.0    7.0    7.0    6.1   14.6
2024  9 21 265 12.00  162.0   32.7  242.8  1.024E+10  1.450E+10  9.382E+08 9.979E-13  746.9   937  1.688E+07  1.826E+07  4.615E+05  1.002E+07  153.9  153.9    5.1    4.0    5.0    7.0    7.0    6.1   14.6
2024  9 21 265 12.00  168.0   32.7  242.8  8.601E+09  1.093E+10  6.557E+08 7.732E-13  773.3   937  1.605E+07  1.209E+07  3.811E+05  1.183E+07  153.9  153.9    5.1    4.0    5.0    7.0    7.0    6.1   14.6
2024  9 21 265 12.00  174.0   32.7  242.8  7.295E+09  8.363E+09  4.686E+08 6.087E-13  796.0   937  1.534E+07  8.178E+06  3.225E+05  1.326E+07  153.9  153.9    5.1    4.0    5.0    7.0    7.0    6.1   14.6
2024  9 21 265 12.00  180.0   32.7  242.8  6.238E+09  6.469E+09  3.412E+08 4.856E-13  815.6   937  1.471E+07  5.634E+06  2.791E+05  1.423E+07  153.9  153.9    5.1    4.0    5.0    7.0    7.0    6.1   14.6
2024  9 21 265 12.00  186.0   32.7  242.8  5.370E+09  5.051E+09  2.524E+08 3.918E-13  832.3   937  1.413E+07  3.941E+06  2.466E+05  1.470E+07  153.9  153.9    5.1    4.0    5.0    7.0    7.0    6.1   14.6
2024  9 21 265 12.00  192.0   32.7  242.8  4.650E+09  3.975E+09  1.892E+08 3.191E-13  846.8   937  1.361E+07  2.791E+06  2.219E+05  1.472E+07  153.9  153.9    5.1    4.0    5.0    7.0    7.0    6.1   14.6
2024  9 21 265 12.00  198.0   32.7  242.8  4.045E+09  3.149E+09  1.433E+08 2.621E-13  859.2   937  1.312E+07  1.998E+06  2.029E+05  1.439E+07  153.9  153.9    5.1    4.0    5.0    7.0    7.0    6.1   14.6
2024  9 21 265 12.00  204.0   32.7  242.8  3.534E+09  2.508E+09  1.096E+08 2.169E-13  869.9   937  1.266E+07  1.443E+06  1.881E+05  1.380E+07  153.9  153.9    5.1    4.0    5.0    7.0    7.0    6.1   14.6
2024  9 21 265 12.00  210.0   32.7  242.8  3.097E+09  2.007E+09  8.440E+07 1.806E-13  879.2   937  1.223E+07  1.050E+06  1.765E+05  1.304E+07  153.9  153.9    5.1    4.0    5.0    7.0    7.0    6.1   14.6
2024  9 21 265 12.00  216.0   32.7  242.8  2.723E+09  1.612E+09  6.541E+07 1.512E-13  887.1   937  1.182E+07  7.683E+05  1.673E+05  1.218E+07  153.9  153.9    5.1    4.0    5.0    7.0    7.0    6.1   14.6
2024  9 21 265 12.00  222.0   32.7  242.8  2.400E+09  1.300E+09  5.096E+07 1.273E-13  894.0   937  1.144E+07  5.653E+05  1.598E+05  1.128E+07  153.9  153.9    5.1    4.0    5.0    7.0    7.0    6.1   14.6
2024  9 21 265 12.00  228.0   32.7  242.8  2.120E+09  1.051E+09  3.987E+07 1.077E-13  899.9   937  1.107E+07  4.178E+05  1.538E+05  1.038E+07  153.9  153.9    5.1    4.0    5.0    7.0    7.0    6.1   14.6
2024  9 21 265 12.00  234.0   32.7  242.8  1.876E+09  8.520E+08  3.131E+07 9.144E-14  904.9   937  1.072E+07  3.099E+05  1.488E+05  9.507E+06  153.9  153.9    5.1    4.0    5.0    7.0    7.0    6.1   14.6
2024  9 21 265 12.00  240.0   32.7  242.8  1.662E+09  6.923E+08  2.466E+07 7.796E-14  909.3   937  1.039E+07  2.307E+05  1.447E+05  8.679E+06  153.9  153.9    5.1    4.0    5.0    7.0    7.0    6.1   14.6
2024  9 21 265 12.00  246.0   32.7  242.8  1.475E+09  5.635E+08  1.948E+07 6.671E-14  913.1   937  1.007E+07  1.722E+05  1.412E+05  7.905E+06  153.9  153.9    5.1    4.0    5.0    7.0    7.0    6.1   14.6
2024  9 21 265 12.00  252.0   32.7  242.8  1.311E+09  4.595E+08  1.542E+07 5.727E-14  916.4   937  9.763E+06  1.288E+05  1.382E+05  7.188E+06  153.9  153.9    5.1    4.0    5.0    7.0    7.0    6.1   14.6
2024  9 21 265 12.00  258.0   32.7  242.8  1.166E+09  3.753E+08  1.223E+07 4.932E-14  919.2   937  9.470E+06  9.658E+04  1.357E+05  6.529E+06  153.9  153.9    5.1    4.0    5.0    7.0    7.0    6.1   14.6
2024  9 21 265 12.00  264.0   32.7  242.8  1.039E+09  3.069E+08  9.718E+06 4.259E-14  921.6   937  9.190E+06  7.255E+04  1.335E+05  5.926E+06  153.9  153.9    5.1    4.0    5.0    7.0    7.0    6.1   14.6
2024  9 21 265 12.00  270.0   32.7  242.8  9.257E+08  2.513E+08  7.732E+06 3.688E-14  923.7   937  8.920E+06  5.459E+04  1.315E+05  5.377E+06  153.9  153.9    5.1    4.0    5.0    7.0    7.0    6.1   14.6
2024  9 21 265 12.00  276.0   32.7  242.8  8.257E+08  2.060E+08  6.161E+06 3.202E-14  925.5   937  8.661E+06  4.114E+04  1.298E+05  4.877E+06  153.9  153.9    5.1    4.0    5.0    7.0    7.0    6.1   14.6
2024  9 21 265 12.00  282.0   32.7  242.8  7.369E+08  1.690E+08  4.914E+06 2.786E-14  927.1   937  8.412E+06  3.104E+04  1.282E+05  4.424E+06  153.9  153.9    5.1    4.0    5.0    7.0    7.0    6.1   14.6
2024  9 21 265 12.00  288.0   32.7  242.8  6.581E+08  1.388E+08  3.924E+06 2.430E-14  928.5   937  8.172E+06  2.345E+04  1.268E+05  4.013E+06  153.9  153.9    5.1    4.0    5.0    7.0    7.0    6.1   14.6
2024  9 21 265 12.00  294.0   32.7  242.8  5.881E+08  1.141E+08  3.137E+06 2.124E-14  929.6   937  7.940E+06  1.774E+04  1.255E+05  3.640E+06  153.9  153.9    5.1    4.0    5.0    7.0    7.0    6.1   14.6
2024  9 21 265 12.00  300.0   32.7  242.8  5.257E+08  9.385E+07  2.509E+06 1.860E-14  930.6   937  7.716E+06  1.343E+04  1.242E+05  3.303E+06  153.9  153.9    5.1    4.0    5.0    7.0    7.0    6.1   14.6
2024  9 21 265 12.00  306.0   32.7  242.8  4.702E+08  7.725E+07  2.009E+06 1.631E-14  931.5   937  7.500E+06  1.018E+04  1.231E+05  2.997E+06  153.9  153.9    5.1    4.0    5.0    7.0    7.0    6.1   14.6
2024  9 21 265 12.00  312.0   32.7  242.8  4.207E+08  6.363E+07  1.610E+06 1.434E-14  932.3   937  7.291E+06  7.721E+03  1.220E+05  2.720E+06  153.9  153.9    5.1    4.0    5.0    7.0    7.0    6.1   14.6
2024  9 21 265 12.00  318.0   32.7  242.8  3.766E+08  5.244E+07  1.291E+06 1.262E-14  932.9   937  7.089E+06  5.861E+03  1.210E+05  2.470E+06  153.9  153.9    5.1    4.0    5.0    7.0    7.0    6.1   14.6
2024  9 21 265 12.00  324.0   32.7  242.8  3.373E+08  4.324E+07  1.036E+06 1.112E-14  933.5   937  6.894E+06  4.453E+03  1.200E+05  2.243E+06  153.9  153.9    5.1    4.0    5.0    7.0    7.0    6.1   14.6
2024  9 21 265 12.00  330.0   32.7  242.8  3.021E+08  3.567E+07  8.314E+05 9.822E-15  934.0   937  6.704E+06  3.386E+03  1.190E+05  2.037E+06  153.9  153.9    5.1    4.0    5.0    7.0    7.0    6.1   14.6
2024  9 21 265 12.00  336.0   32.7  242.8  2.707E+08  2.945E+07  6.679E+05 8.684E-15  934.4   937  6.521E+06  2.576E+03  1.181E+05  1.851E+06  153.9  153.9    5.1    4.0    5.0    7.0    7.0    6.1   14.6
2024  9 21 265 12.00  342.0   32.7  242.8  2.426E+08  2.432E+07  5.368E+05 7.688E-15  934.8   937  6.344E+06  1.961E+03  1.172E+05  1.682E+06  153.9  153.9    5.1    4.0    5.0    7.0    7.0    6.1   14.6
2024  9 21 265 12.00  348.0   32.7  242.8  2.176E+08  2.009E+07  4.316E+05 6.814E-15  935.1   937  6.172E+06  1.494E+03  1.163E+05  1.529E+06  153.9  153.9    5.1    4.0    5.0    7.0    7.0    6.1   14.6
2024  9 21 265 12.00  354.0   32.7  242.8  1.951E+08  1.661E+07  3.473E+05 6.047E-15  935.4   937  6.005E+06  1.139E+03  1.155E+05  1.390E+06  153.9  153.9    5.1    4.0    5.0    7.0    7.0    6.1   14.6
2024  9 21 265 12.00  360.0   32.7  242.8  1.750E+08  1.374E+07  2.795E+05 5.372E-15  935.6   937  5.843E+06  8.687E+02  1.147E+05  1.264E+06  153.9  153.9    5.1    4.0    5.0    7.0    7.0    6.1   14.6
2024  9 21 265 12.00  366.0   32.7  242.8  1.571E+08  1.136E+07  2.251E+05 4.778E-15  935.8   937  5.686E+06  6.630E+02  1.138E+05  1.149E+06  153.9  153.9    5.1    4.0    5.0    7.0    7.0    6.1   14.6
2024  9 21 265 12.00  372.0   32.7  242.8  1.410E+08  9.406E+06  1.814E+05 4.254E-15  936.0   937  5.534E+06  5.063E+02  1.130E+05  1.046E+06  153.9  153.9    5.1    4.0    5.0    7.0    7.0    6.1   14.6
2024  9 21 265 12.00  378.0   32.7  242.8  1.265E+08  7.788E+06  1.462E+05 3.790E-15  936.2   937  5.386E+06  3.868E+02  1.123E+05  9.513E+05  153.9  153.9    5.1    4.0    5.0    7.0    7.0    6.1   14.6
2024  9 21 265 12.00  384.0   32.7  242.8  1.136E+08  6.451E+06  1.179E+05 3.380E-15  936.3   937  5.242E+06  2.957E+02  1.115E+05  8.658E+05  153.9  153.9    5.1    4.0    5.0    7.0    7.0    6.1   14.6
2024  9 21 265 12.00  390.0   32.7  242.8  1.021E+08  5.345E+06  9.512E+04 3.018E-15  936.4   937  5.103E+06  2.262E+02  1.107E+05  7.881E+05  153.9  153.9    5.1    4.0    5.0    7.0    7.0    6.1   14.6
2024  9 21 265 12.00  396.0   32.7  242.8  9.168E+07  4.431E+06  7.677E+04 2.696E-15  936.5   937  4.968E+06  1.731E+02  1.099E+05  7.175E+05  153.9  153.9    5.1    4.0    5.0    7.0    7.0    6.1   14.6
2024  9 21 265 12.00  402.0   32.7  242.8  8.238E+07  3.674E+06  6.199E+04 2.410E-15  936.6   937  4.836E+06  1.326E+02  1.092E+05  6.533E+05  153.9  153.9    5.1    4.0    5.0    7.0    7.0    6.1   14.6
2024  9 21 265 12.00  408.0   32.7  242.8  7.404E+07  3.048E+06  5.008E+04 2.157E-15  936.7   937  4.709E+06  1.015E+02  1.085E+05  5.950E+05  153.9  153.9    5.1    4.0    5.0    7.0    7.0    6.1   14.6
2024  9 21 265 12.00  414.0   32.7  242.8  6.655E+07  2.529E+06  4.047E+04 1.931E-15  936.7   937  4.585E+06  7.783E+01  1.077E+05  5.420E+05  153.9  153.9    5.1    4.0    5.0    7.0    7.0    6.1   14.6
2024  9 21 265 12.00  420.0   32.7  242.8  5.984E+07  2.100E+06  3.271E+04 1.731E-15  936.8   937  4.464E+06  5.968E+01  1.070E+05  4.938E+05  153.9  153.9    5.1    4.0    5.0    7.0    7.0    6.1   14.6
2024  9 21 265 12.00  426.0   32.7  242.8  5.381E+07  1.744E+06  2.646E+04 1.552E-15  936.9   937  4.347E+06  4.579E+01  1.063E+05  4.500E+05  153.9  153.9    5.1    4.0    5.0    7.0    7.0    6.1   14.6
2024  9 21 265 12.00  432.0   32.7  242.8  4.840E+07  1.448E+06  2.141E+04 1.392E-15  936.9   937  4.233E+06  3.515E+01  1.056E+05  4.101E+05  153.9  153.9    5.1    4.0    5.0    7.0    7.0    6.1   14.6
2024  9 21 265 12.00  438.0   32.7  242.8  4.355E+07  1.204E+06  1.733E+04 1.250E-15  936.9   937  4.123E+06  2.699E+01  1.049E+05  3.739E+05  153.9  153.9    5.1    4.0    5.0    7.0    7.0    6.1   14.6
2024  9 21 265 12.00  444.0   32.7  242.8  3.918E+07  1.001E+06  1.403E+04 1.123E-15  937.0   937  4.015E+06  2.074E+01  1.042E+05  3.409E+05  153.9  153.9    5.1    4.0    5.0    7.0    7.0    6.1   14.6
2024  9 21 265 12.00  450.0   32.7  242.8  3.526E+07  8.320E+05  1.136E+04 1.010E-15  937.0   937  3.911E+06  1.594E+01  1.035E+05  3.108E+05  153.9  153.9    5.1    4.0    5.0    7.0    7.0    6.1   14.6
2024  9 21 265 12.00  456.0   32.7  242.8  3.174E+07  6.921E+05  9.208E+03 9.083E-16  937.0   937  3.809E+06  1.226E+01  1.028E+05  2.835E+05  153.9  153.9    5.1    4.0    5.0    7.0    7.0    6.1   14.6
2024  9 21 265 12.00  462.0   32.7  242.8  2.858E+07  5.759E+05  7.465E+03 8.175E-16  937.0   937  3.710E+06  9.435E+00  1.021E+05  2.586E+05  153.9  153.9    5.1    4.0    5.0    7.0    7.0    6.1   14.6
2024  9 21 265 12.00  468.0   32.7  242.8  2.574E+07  4.794E+05  6.053E+03 7.362E-16  937.1   937  3.614E+06  7.263E+00  1.015E+05  2.359E+05  153.9  153.9    5.1    4.0    5.0    7.0    7.0    6.1   14.6
2024  9 21 265 12.00  474.0   32.7  242.8  2.318E+07  3.991E+05  4.911E+03 6.635E-16  937.1   937  3.521E+06  5.594E+00  1.008E+05  2.153E+05  153.9  153.9    5.1    4.0    5.0    7.0    7.0    6.1   14.6
2024  9 21 265 12.00  480.0   32.7  242.8  2.088E+07  3.325E+05  3.985E+03 5.982E-16  937.1   937  3.430E+06  4.310E+00  1.002E+05  1.965E+05  153.9  153.9    5.1    4.0    5.0    7.0    7.0    6.1   14.6
2024  9 21 265 12.00  486.0   32.7  242.8  1.882E+07  2.770E+05  3.236E+03 5.397E-16  937.1   937  3.342E+06  3.323E+00  9.951E+04  1.793E+05  153.9  153.9    5.1    4.0    5.0    7.0    7.0    6.1   14.6
2024  9 21 265 12.00  492.0   32.7  242.8  1.696E+07  2.309E+05  2.628E+03 4.872E-16  937.1   937  3.256E+06  2.563E+00  9.886E+04  1.637E+05  153.9  153.9    5.1    4.0    5.0    7.0    7.0    6.1   14.6
2024  9 21 265 12.00  498.0   32.7  242.8  1.528E+07  1.925E+05  2.135E+03 4.401E-16  937.1   937  3.173E+06  1.977E+00  9.822E+04  1.495E+05  153.9  153.9    5.1    4.0    5.0    7.0    7.0    6.1   14.6
2024  9 21 265 12.00  504.0   32.7  242.8  1.378E+07  1.605E+05  1.735E+03 3.977E-16  937.1   937  3.091E+06  1.526E+00  9.758E+04  1.365E+05  153.9  153.9    5.1    4.0    5.0    7.0    7.0    6.1   14.6
2024  9 21 265 12.00  510.0   32.7  242.8  1.242E+07  1.339E+05  1.411E+03 3.597E-16  937.1   937  3.012E+06  1.179E+00  9.695E+04  1.247E+05  153.9  153.9    5.1    4.0    5.0    7.0    7.0    6.1   14.6
2024  9 21 265 12.00  516.0   32.7  242.8  1.120E+07  1.118E+05  1.147E+03 3.255E-16  937.1   937  2.936E+06  9.108E-01  9.633E+04  1.139E+05  153.9  153.9    5.1    4.0    5.0    7.0    7.0    6.1   14.6
2024  9 21 265 12.00  522.0   32.7  242.8  1.011E+07  9.331E+04  9.336E+02 2.947E-16  937.2   937  2.861E+06  7.041E-01  9.571E+04  1.041E+05  153.9  153.9    5.1    4.0    5.0    7.0    7.0    6.1   14.6
2024  9 21 265 12.00  528.0   32.7  242.8  9.118E+06  7.792E+04  7.599E+02 2.671E-16  937.2   937  2.788E+06  5.445E-01  9.510E+04  9.512E+04  153.9  153.9    5.1    4.0    5.0    7.0    7.0    6.1   14.6
2024  9 21 265 12.00  534.0   32.7  242.8  8.228E+06  6.509E+04  6.187E+02 2.421E-16  937.2   937  2.718E+06  4.213E-01  9.449E+04  8.693E+04  153.9  153.9    5.1    4.0    5.0    7.0    7.0    6.1   14.6
2024  9 21 265 12.00  540.0   32.7  242.8  7.426E+06  5.439E+04  5.040E+02 2.197E-16  937.2   937  2.649E+06  3.261E-01  9.388E+04  7.947E+04  153.9  153.9    5.1    4.0    5.0    7.0    7.0    6.1   14.6
2024  9 21 265 12.00  546.0   32.7  242.8  6.703E+06  4.546E+04  4.106E+02 1.995E-16  937.2   937  2.582E+06  2.525E-01  9.328E+04  7.265E+04  153.9  153.9    5.1    4.0    5.0    7.0    7.0    6.1   14.6
2024  9 21 265 12.00  552.0   32.7  242.8  6.052E+06  3.801E+04  3.347E+02 1.812E-16  937.2   937  2.517E+06  1.956E-01  9.269E+04  6.643E+04  153.9  153.9    5.1    4.0    5.0    7.0    7.0    6.1   14.6
2024  9 21 265 12.00  558.0   32.7  242.8  5.464E+06  3.179E+04  2.729E+02 1.648E-16  937.2   937  2.453E+06  1.516E-01  9.210E+04  6.076E+04  153.9  153.9    5.1    4.0    5.0    7.0    7.0    6.1   14.6
2024  9 21 265 12.00  564.0   32.7  242.8  4.935E+06  2.660E+04  2.226E+02 1.499E-16  937.2   937  2.391E+06  1.176E-01  9.151E+04  5.557E+04  153.9  153.9    5.1    4.0    5.0    7.0    7.0    6.1   14.6
2024  9 21 265 12.00  570.0   32.7  242.8  4.458E+06  2.226E+04  1.817E+02 1.366E-16  937.2   937  2.331E+06  9.122E-02  9.093E+04  5.084E+04  153.9  153.9    5.1    4.0    5.0    7.0    7.0    6.1   14.6
2024  9 21 265 12.00  576.0   32.7  242.8  4.028E+06  1.864E+04  1.483E+02 1.245E-16  937.2   937  2.273E+06  7.080E-02  9.036E+04  4.652E+04  153.9  153.9    5.1    4.0    5.0    7.0    7.0    6.1   14.6
2024  9 21 265 12.00  582.0   32.7  242.8  3.640E+06  1.561E+04  1.211E+02 1.135E-16  937.2   937  2.216E+06  5.497E-02  8.979E+04  4.257E+04  153.9  153.9    5.1    4.0    5.0    7.0    7.0    6.1   14.6
2024  9 21 265 12.00  588.0   32.7  242.8  3.289E+06  1.307E+04  9.890E+01 1.037E-16  937.2   937  2.161E+06  4.270E-02  8.922E+04  3.896E+04  153.9  153.9    5.1    4.0    5.0    7.0    7.0    6.1   14.6
2024  9 21 265 12.00  594.0   32.7  242.8  2.974E+06  1.095E+04  8.081E+01 9.473E-17  937.2   937  2.107E+06  3.319E-02  8.866E+04  3.566E+04  153.9  153.9    5.1    4.0    5.0    7.0    7.0    6.1   14.6
2024  9 21 265 12.00  600.0   32.7  242.8  2.688E+06  9.182E+03  6.606E+01 8.665E-17  937.2   937  2.055E+06  2.580E-02  8.810E+04  3.265E+04  153.9  153.9    5.1    4.0    5.0    7.0    7.0    6.1   14.6
2024  9 21 265 12.00  606.0   32.7  242.8  2.431E+06  7.699E+03  5.401E+01 7.933E-17  937.2   937  2.003E+06  2.007E-02  8.755E+04  2.990E+04  153.9  153.9    5.1    4.0    5.0    7.0    7.0    6.1   14.6
2024  9 21 265 12.00  612.0   32.7  242.8  2.199E+06  6.457E+03  4.418E+01 7.271E-17  937.2   937  1.954E+06  1.562E-02  8.700E+04  2.738E+04  153.9  153.9    5.1    4.0    5.0    7.0    7.0    6.1   14.6
2024  9 21 265 12.00  618.0   32.7  242.8  1.989E+06  5.417E+03  3.615E+01 6.671E-17  937.2   937  1.905E+06  1.216E-02  8.646E+04  2.508E+04  153.9  153.9    5.1    4.0    5.0    7.0    7.0    6.1   14.6
2024  9 21 265 12.00  624.0   32.7  242.8  1.799E+06  4.546E+03  2.959E+01 6.127E-17  937.2   937  1.858E+06  9.468E-03  8.592E+04  2.297E+04  153.9  153.9    5.1    4.0    5.0    7.0    7.0    6.1   14.6
2024  9 21 265 12.00  630.0   32.7  242.8  1.628E+06  3.816E+03  2.423E+01 5.633E-17  937.2   937  1.812E+06  7.377E-03  8.539E+04  2.105E+04  153.9  153.9    5.1    4.0    5.0    7.0    7.0    6.1   14.6
2024  9 21 265 12.00  636.0   32.7  242.8  1.474E+06  3.205E+03  1.985E+01 5.185E-17  937.2   937  1.768E+06  5.751E-03  8.485E+04  1.929E+04  153.9  153.9    5.1    4.0    5.0    7.0    7.0    6.1   14.6
2024  9 21 265 12.00  642.0   32.7  242.8  1.334E+06  2.692E+03  1.626E+01 4.779E-17  937.2   937  1.724E+06  4.485E-03  8.433E+04  1.768E+04  153.9  153.9    5.1    4.0    5.0    7.0    7.0    6.1   14.6
2024  9 21 265 12.00  648.0   32.7  242.8  1.208E+06  2.262E+03  1.333E+01 4.409E-17  937.2   937  1.682E+06  3.499E-03  8.381E+04  1.621E+04  153.9  153.9    5.1    4.0    5.0    7.0    7.0    6.1   14.6
2024  9 21 265 12.00  654.0   32.7  242.8  1.094E+06  1.901E+03  1.093E+01 4.074E-17  937.2   937  1.641E+06  2.731E-03  8.329E+04  1.486E+04  153.9  153.9    5.1    4.0    5.0    7.0    7.0    6.1   14.6
2024  9 21 265 12.00  660.0   32.7  242.8  9.904E+05  1.598E+03  8.966E+00 3.768E-17  937.2   937  1.601E+06  2.132E-03  8.277E+04  1.362E+04  153.9  153.9    5.1    4.0    5.0    7.0    7.0    6.1   14.6
2024  9 21 265 12.00  666.0   32.7  242.8  8.972E+05  1.344E+03  7.357E+00 3.490E-17  937.2   937  1.562E+06  1.666E-03  8.226E+04  1.249E+04  153.9  153.9    5.1    4.0    5.0    7.0    7.0    6.1   14.6
2024  9 21 265 12.00  672.0   32.7  242.8  8.128E+05  1.131E+03  6.038E+00 3.237E-17  937.2   937  1.523E+06  1.302E-03  8.176E+04  1.146E+04  153.9  153.9    5.1    4.0    5.0    7.0    7.0    6.1   14.6
2024  9 21 265 12.00  678.0   32.7  242.8  7.365E+05  9.514E+02  4.958E+00 3.006E-17  937.2   937  1.486E+06  1.018E-03  8.125E+04  1.051E+04  153.9  153.9    5.1    4.0    5.0    7.0    7.0    6.1   14.6
2024  9 21 265 12.00  684.0   32.7  242.8  6.675E+05  8.009E+02  4.072E+00 2.795E-17  937.2   937  1.450E+06  7.960E-04  8.076E+04  9.643E+03  153.9  153.9    5.1    4.0    5.0    7.0    7.0    6.1   14.6
2024  9 21 265 12.00  690.0   32.7  242.8  6.050E+05  6.743E+02  3.346E+00 2.603E-17  937.2   937  1.415E+06  6.229E-04  8.026E+04  8.848E+03  153.9  153.9    5.1    4.0    5.0    7.0    7.0    6.1   14.6
2024  9 21 265 12.00  696.0   32.7  242.8  5.485E+05  5.679E+02  2.750E+00 2.428E-17  937.2   937  1.381E+06  4.876E-04  7.977E+04  8.120E+03  153.9  153.9    5.1    4.0    5.0    7.0    7.0    6.1   14.6
2024  9 21 265 12.00  702.0   32.7  242.8  4.973E+05  4.784E+02  2.261E+00 2.267E-17  937.2   937  1.347E+06  3.818E-04  7.928E+04  7.453E+03  153.9  153.9    5.1    4.0    5.0    7.0    7.0    6.1   14.6
2024  9 21 265 12.00  708.0   32.7  242.8  4.510E+05  4.032E+02  1.859E+00 2.120E-17  937.2   937  1.315E+06  2.992E-04  7.880E+04  6.842E+03  153.9  153.9    5.1    4.0    5.0    7.0    7.0    6.1   14.6
2024  9 21 265 12.00  714.0   32.7  242.8  4.091E+05  3.399E+02  1.530E+00 1.986E-17  937.2   937  1.283E+06  2.345E-04  7.832E+04  6.282E+03  153.9  153.9    5.1    4.0    5.0    7.0    7.0    6.1   14.6
2024  9 21 265 12.00  720.0   32.7  242.8  3.711E+05  2.866E+02  1.259E+00 1.863E-17  937.2   937  1.252E+06  1.839E-04  7.785E+04  5.768E+03  153.9  153.9    5.1    4.0    5.0    7.0    7.0    6.1   14.6
2024  9 21 265 12.00  726.0   32.7  242.8  3.368E+05  2.417E+02  1.036E+00 1.750E-17  937.2   937  1.222E+06  1.442E-04  7.738E+04  5.298E+03  153.9  153.9    5.1    4.0    5.0    7.0    7.0    6.1   14.6
2024  9 21 265 12.00  732.0   32.7  242.8  3.056E+05  2.039E+02  8.536E-01 1.646E-17  937.2   937  1.193E+06  1.132E-04  7.691E+04  4.866E+03  153.9  153.9    5.1    4.0    5.0    7.0    7.0    6.1   14.6
2024  9 21 265 12.00  738.0   32.7  242.8  2.774E+05  1.721E+02  7.032E-01 1.550E-17  937.2   937  1.164E+06  8.886E-05  7.644E+04  4.470E+03  153.9  153.9    5.1    4.0    5.0    7.0    7.0    6.1   14.6
2024  9 21 265 12.00  744.0   32.7  242.8  2.518E+05  1.453E+02  5.795E-01 1.463E-17  937.2   937  1.137E+06  6.979E-05  7.598E+04  4.107E+03  153.9  153.9    5.1    4.0    5.0    7.0    7.0    6.1   14.6
2024  9 21 265 12.00  750.0   32.7  242.8  2.286E+05  1.227E+02  4.777E-01 1.382E-17  937.2   937  1.109E+06  5.483E-05  7.552E+04  3.774E+03  153.9  153.9    5.1    4.0    5.0    7.0    7.0    6.1   14.6
2024  9 21 265 12.00  756.0   32.7  242.8  2.076E+05  1.036E+02  3.939E-01 1.307E-17  937.2   937  1.083E+06  4.310E-05  7.507E+04  3.469E+03  153.9  153.9    5.1    4.0    5.0    7.0    7.0    6.1   14.6
2024  9 21 265 12.00  762.0   32.7  242.8  1.886E+05  8.756E+01  3.249E-01 1.238E-17  937.2   937  1.057E+06  3.389E-05  7.462E+04  3.188E+03  153.9  153.9    5.1    4.0    5.0    7.0    7.0    6.1   14.6
2024  9 21 265 12.00  768.0   32.7  242.8  1.713E+05  7.400E+01  2.681E-01 1.175E-17  937.2   937  1.032E+06  2.666E-05  7.417E+04  2.931E+03  153.9  153.9    5.1    4.0    5.0    7.0    7.0    6.1   14.6
2024  9 21 265 12.00  774.0   32.7  242.8  1.556E+05  6.256E+01  2.213E-01 1.116E-17  937.2   937  1.008E+06  2.098E-05  7.373E+04  2.695E+03  153.9  153.9    5.1    4.0    5.0    7.0    7.0    6.1   14.6
2024  9 21 265 12.00  780.0   32.7  242.8  1.414E+05  5.290E+01  1.827E-01 1.061E-17  937.2   937  9.839E+05  1.652E-05  7.329E+04  2.478E+03  153.9  153.9    5.1    4.0    5.0    7.0    7.0    6.1   14.6
2024  9 21 265 12.00  786.0   32.7  242.8  1.285E+05  4.475E+01  1.509E-01 1.011E-17  937.2   937  9.606E+05  1.301E-05  7.285E+04  2.279E+03  153.9  153.9    5.1    4.0    5.0    7.0    7.0    6.1   14.6
2024  9 21 265 12.00  792.0   32.7  242.8  1.168E+05  3.786E+01  1.247E-01 9.638E-18  937.2   937  9.380E+05  1.025E-05  7.242E+04  2.097E+03  153.9  153.9    5.1    4.0    5.0    7.0    7.0    6.1   14.6
2024  9 21 265 12.00  798.0   32.7  242.8  1.062E+05  3.204E+01  1.031E-01 9.202E-18  937.2   937  9.159E+05  8.083E-06  7.199E+04  1.929E+03  153.9  153.9    5.1    4.0    5.0    7.0    7.0    6.1   14.6
2024  9 21 265 12.00  804.0   32.7  242.8  9.656E+04  2.713E+01  8.521E-02 8.796E-18  937.2   937  8.944E+05  6.374E-06  7.156E+04  1.775E+03  153.9  153.9    5.1    4.0    5.0    7.0    7.0    6.1   14.6
2024  9 21 265 12.00  810.0   32.7  242.8  8.781E+04  2.297E+01  7.047E-02 8.417E-18  937.2   937  8.734E+05  5.029E-06  7.114E+04  1.633E+03  153.9  153.9    5.1    4.0    5.0    7.0    7.0    6.1   14.6
2024  9 21 265 12.00  816.0   32.7  242.8  7.987E+04  1.946E+01  5.830E-02 8.064E-18  937.2   937  8.529E+05  3.969E-06  7.072E+04  1.503E+03  153.9  153.9    5.1    4.0    5.0    7.0    7.0    6.1   14.6
2024  9 21 265 12.00  822.0   32.7  242.8  7.265E+04  1.649E+01  4.825E-02 7.733E-18  937.2   937  8.330E+05  3.133E-06  7.030E+04  1.384E+03  153.9  153.9    5.1    4.0    5.0    7.0    7.0    6.1   14.6
2024  9 21 265 12.00  828.0   32.7  242.8  6.610E+04  1.397E+01  3.994E-02 7.424E-18  937.2   937  8.135E+05  2.475E-06  6.989E+04  1.274E+03  153.9  153.9    5.1    4.0    5.0    7.0    7.0    6.1   14.6
2024  9 21 265 12.00  834.0   32.7  242.8  6.015E+04  1.185E+01  3.307E-02 7.135E-18  937.2   937  7.946E+05  1.956E-06  6.948E+04  1.173E+03  153.9  153.9    5.1    4.0    5.0    7.0    7.0    6.1   14.6
2024  9 21 265 12.00  840.0   32.7  242.8  5.475E+04  1.004E+01  2.739E-02 6.863E-18  937.2   937  7.761E+05  1.546E-06  6.907E+04  1.080E+03  153.9  153.9    5.1    4.0    5.0    7.0    7.0    6.1   14.6
2024  9 21 265 12.00  846.0   32.7  242.8  4.983E+04  8.520E+00  2.270E-02 6.607E-18  937.2   937  7.581E+05  1.222E-06  6.867E+04  9.946E+02  153.9  153.9    5.1    4.0    5.0    7.0    7.0    6.1   14.6
2024  9 21 265 12.00  852.0   32.7  242.8  4.537E+04  7.229E+00  1.881E-02 6.367E-18  937.2   937  7.405E+05  9.670E-07  6.826E+04  9.161E+02  153.9  153.9    5.1    4.0    5.0    7.0    7.0    6.1   14.6
2024  9 21 265 12.00  858.0   32.7  242.8  4.131E+04  6.135E+00  1.560E-02 6.141E-18  937.2   937  7.233E+05  7.653E-07  6.787E+04  8.440E+02  153.9  153.9    5.1    4.0    5.0    7.0    7.0    6.1   14.6
2024  9 21 265 12.00  864.0   32.7  242.8  3.762E+04  5.208E+00  1.294E-02 5.927E-18  937.2   937  7.066E+05  6.059E-07  6.747E+04  7.776E+02  153.9  153.9    5.1    4.0    5.0    7.0    7.0    6.1   14.6
2024  9 21 265 12.00  870.0   32.7  242.8  3.427E+04  4.423E+00  1.073E-02 5.726E-18  937.2   937  6.903E+05  4.799E-07  6.708E+04  7.166E+02  153.9  153.9    5.1    4.0    5.0    7.0    7.0    6.1   14.6
2024  9 21 265 12.00  876.0   32.7  242.8  3.122E+04  3.757E+00  8.907E-03 5.535E-18  937.2   937  6.744E+05  3.802E-07  6.669E+04  6.604E+02  153.9  153.9    5.1    4.0    5.0    7.0    7.0    6.1   14.6
2024  9 21 265 12.00  882.0   32.7  242.8  2.844E+04  3.192E+00  7.394E-03 5.354E-18  937.2   937  6.589E+05  3.014E-07  6.630E+04  6.087E+02  153.9  153.9    5.1    4.0    5.0    7.0    7.0    6.1   14.6
2024  9 21 265 12.00  888.0   32.7  242.8  2.592E+04  2.712E+00  6.140E-03 5.183E-18  937.2   937  6.438E+05  2.390E-07  6.592E+04  5.612E+02  153.9  153.9    5.1    4.0    5.0    7.0    7.0    6.1   14.6
2024  9 21 265 12.00  894.0   32.7  242.8  2.362E+04  2.306E+00  5.100E-03 5.020E-18  937.2   937  6.290E+05  1.896E-07  6.554E+04  5.174E+02  153.9  153.9    5.1    4.0    5.0    7.0    7.0    6.1   14.6