Since the F10.7 (3-month avg) of the requested date is not yet available, the value of F10.7 (daily) is used instead as the value of F10.7 (3-monthavg).
Year Mon Day DOY hour Heit(km) Lat  Lon Oden(cm-3) N2den(cm-3) O2den(cm-3) air(gm/cm3) T(K) exoT(K) Heden(cm-3)Arden(cm-3) Hden(cm-3) Nden(cm-3) F107 F107a apdaily  ap0-3 ap3-6 ap6-9 ap9-12 ap12-33 ap33-59
2024  9 21 265 12.00  300.0   32.7  242.8  5.257E+08  9.385E+07  2.509E+06 1.860E-14  930.6   937  7.716E+06  1.343E+04  1.242E+05  3.303E+06  153.9  153.9    5.1    4.0    5.0    7.0    7.0    6.1   14.6
2024  9 21 265 12.00  301.0   32.7  242.8  5.160E+08  9.085E+07  2.418E+06 1.819E-14  930.8   937  7.679E+06  1.282E+04  1.240E+05  3.250E+06  153.9  153.9    5.1    4.0    5.0    7.0    7.0    6.1   14.6
2024  9 21 265 12.00  302.0   32.7  242.8  5.065E+08  8.795E+07  2.330E+06 1.780E-14  930.9   937  7.643E+06  1.224E+04  1.238E+05  3.197E+06  153.9  153.9    5.1    4.0    5.0    7.0    7.0    6.1   14.6
2024  9 21 265 12.00  303.0   32.7  242.8  4.972E+08  8.514E+07  2.245E+06 1.741E-14  931.1   937  7.607E+06  1.169E+04  1.237E+05  3.146E+06  153.9  153.9    5.1    4.0    5.0    7.0    7.0    6.1   14.6
2024  9 21 265 12.00  304.0   32.7  242.8  4.880E+08  8.242E+07  2.164E+06 1.704E-14  931.2   937  7.571E+06  1.116E+04  1.235E+05  3.096E+06  153.9  153.9    5.1    4.0    5.0    7.0    7.0    6.1   14.6
2024  9 21 265 12.00  305.0   32.7  242.8  4.790E+08  7.979E+07  2.085E+06 1.667E-14  931.4   937  7.535E+06  1.066E+04  1.233E+05  3.046E+06  153.9  153.9    5.1    4.0    5.0    7.0    7.0    6.1   14.6
2024  9 21 265 12.00  306.0   32.7  242.8  4.702E+08  7.725E+07  2.009E+06 1.631E-14  931.5   937  7.500E+06  1.018E+04  1.231E+05  2.997E+06  153.9  153.9    5.1    4.0    5.0    7.0    7.0    6.1   14.6
2024  9 21 265 12.00  307.0   32.7  242.8  4.616E+08  7.479E+07  1.936E+06 1.596E-14  931.6   937  7.465E+06  9.720E+03  1.229E+05  2.949E+06  153.9  153.9    5.1    4.0    5.0    7.0    7.0    6.1   14.6
2024  9 21 265 12.00  308.0   32.7  242.8  4.531E+08  7.241E+07  1.866E+06 1.562E-14  931.8   937  7.430E+06  9.282E+03  1.227E+05  2.902E+06  153.9  153.9    5.1    4.0    5.0    7.0    7.0    6.1   14.6
2024  9 21 265 12.00  309.0   32.7  242.8  4.448E+08  7.010E+07  1.798E+06 1.529E-14  931.9   937  7.395E+06  8.864E+03  1.225E+05  2.855E+06  153.9  153.9    5.1    4.0    5.0    7.0    7.0    6.1   14.6
2024  9 21 265 12.00  310.0   32.7  242.8  4.366E+08  6.787E+07  1.733E+06 1.496E-14  932.0   937  7.360E+06  8.465E+03  1.224E+05  2.810E+06  153.9  153.9    5.1    4.0    5.0    7.0    7.0    6.1   14.6
2024  9 21 265 12.00  311.0   32.7  242.8  4.286E+08  6.571E+07  1.670E+06 1.465E-14  932.2   937  7.325E+06  8.084E+03  1.222E+05  2.765E+06  153.9  153.9    5.1    4.0    5.0    7.0    7.0    6.1   14.6
2024  9 21 265 12.00  312.0   32.7  242.8  4.207E+08  6.363E+07  1.610E+06 1.434E-14  932.3   937  7.291E+06  7.721E+03  1.220E+05  2.720E+06  153.9  153.9    5.1    4.0    5.0    7.0    7.0    6.1   14.6
2024  9 21 265 12.00  313.0   32.7  242.8  4.130E+08  6.160E+07  1.552E+06 1.403E-14  932.4   937  7.257E+06  7.374E+03  1.218E+05  2.677E+06  153.9  153.9    5.1    4.0    5.0    7.0    7.0    6.1   14.6
2024  9 21 265 12.00  314.0   32.7  242.8  4.055E+08  5.965E+07  1.495E+06 1.374E-14  932.5   937  7.223E+06  7.043E+03  1.217E+05  2.634E+06  153.9  153.9    5.1    4.0    5.0    7.0    7.0    6.1   14.6
2024  9 21 265 12.00  315.0   32.7  242.8  3.981E+08  5.776E+07  1.441E+06 1.345E-14  932.6   937  7.189E+06  6.726E+03  1.215E+05  2.592E+06  153.9  153.9    5.1    4.0    5.0    7.0    7.0    6.1   14.6
2024  9 21 265 12.00  316.0   32.7  242.8  3.908E+08  5.592E+07  1.389E+06 1.316E-14  932.7   937  7.156E+06  6.425E+03  1.213E+05  2.551E+06  153.9  153.9    5.1    4.0    5.0    7.0    7.0    6.1   14.6
2024  9 21 265 12.00  317.0   32.7  242.8  3.836E+08  5.415E+07  1.339E+06 1.289E-14  932.8   937  7.122E+06  6.136E+03  1.211E+05  2.510E+06  153.9  153.9    5.1    4.0    5.0    7.0    7.0    6.1   14.6
2024  9 21 265 12.00  318.0   32.7  242.8  3.766E+08  5.244E+07  1.291E+06 1.262E-14  932.9   937  7.089E+06  5.861E+03  1.210E+05  2.470E+06  153.9  153.9    5.1    4.0    5.0    7.0    7.0    6.1   14.6
2024  9 21 265 12.00  319.0   32.7  242.8  3.697E+08  5.078E+07  1.244E+06 1.236E-14  933.0   937  7.056E+06  5.599E+03  1.208E+05  2.430E+06  153.9  153.9    5.1    4.0    5.0    7.0    7.0    6.1   14.6
2024  9 21 265 12.00  320.0   32.7  242.8  3.630E+08  4.917E+07  1.199E+06 1.210E-14  933.1   937  7.023E+06  5.348E+03  1.206E+05  2.392E+06  153.9  153.9    5.1    4.0    5.0    7.0    7.0    6.1   14.6
2024  9 21 265 12.00  321.0   32.7  242.8  3.564E+08  4.761E+07  1.156E+06 1.185E-14  933.2   937  6.991E+06  5.108E+03  1.205E+05  2.353E+06  153.9  153.9    5.1    4.0    5.0    7.0    7.0    6.1   14.6
2024  9 21 265 12.00  322.0   32.7  242.8  3.499E+08  4.611E+07  1.114E+06 1.160E-14  933.3   937  6.958E+06  4.880E+03  1.203E+05  2.316E+06  153.9  153.9    5.1    4.0    5.0    7.0    7.0    6.1   14.6
2024  9 21 265 12.00  323.0   32.7  242.8  3.435E+08  4.465E+07  1.074E+06 1.136E-14  933.4   937  6.926E+06  4.661E+03  1.201E+05  2.279E+06  153.9  153.9    5.1    4.0    5.0    7.0    7.0    6.1   14.6
2024  9 21 265 12.00  324.0   32.7  242.8  3.373E+08  4.324E+07  1.036E+06 1.112E-14  933.5   937  6.894E+06  4.453E+03  1.200E+05  2.243E+06  153.9  153.9    5.1    4.0    5.0    7.0    7.0    6.1   14.6
2024  9 21 265 12.00  325.0   32.7  242.8  3.311E+08  4.187E+07  9.984E+05 1.090E-14  933.6   937  6.862E+06  4.254E+03  1.198E+05  2.207E+06  153.9  153.9    5.1    4.0    5.0    7.0    7.0    6.1   14.6
2024  9 21 265 12.00  326.0   32.7  242.8  3.251E+08  4.055E+07  9.625E+05 1.067E-14  933.7   937  6.830E+06  4.064E+03  1.197E+05  2.172E+06  153.9  153.9    5.1    4.0    5.0    7.0    7.0    6.1   14.6
2024  9 21 265 12.00  327.0   32.7  242.8  3.192E+08  3.927E+07  9.278E+05 1.045E-14  933.7   937  6.798E+06  3.882E+03  1.195E+05  2.137E+06  153.9  153.9    5.1    4.0    5.0    7.0    7.0    6.1   14.6
2024  9 21 265 12.00  328.0   32.7  242.8  3.134E+08  3.803E+07  8.945E+05 1.024E-14  933.8   937  6.767E+06  3.709E+03  1.193E+05  2.103E+06  153.9  153.9    5.1    4.0    5.0    7.0    7.0    6.1   14.6
2024  9 21 265 12.00  329.0   32.7  242.8  3.077E+08  3.683E+07  8.624E+05 1.003E-14  933.9   937  6.736E+06  3.544E+03  1.192E+05  2.070E+06  153.9  153.9    5.1    4.0    5.0    7.0    7.0    6.1   14.6
2024  9 21 265 12.00  330.0   32.7  242.8  3.021E+08  3.567E+07  8.314E+05 9.822E-15  934.0   937  6.704E+06  3.386E+03  1.190E+05  2.037E+06  153.9  153.9    5.1    4.0    5.0    7.0    7.0    6.1   14.6
2024  9 21 265 12.00  331.0   32.7  242.8  2.966E+08  3.455E+07  8.016E+05 9.622E-15  934.1   937  6.674E+06  3.235E+03  1.189E+05  2.005E+06  153.9  153.9    5.1    4.0    5.0    7.0    7.0    6.1   14.6
2024  9 21 265 12.00  332.0   32.7  242.8  2.912E+08  3.346E+07  7.728E+05 9.426E-15  934.1   937  6.643E+06  3.091E+03  1.187E+05  1.973E+06  153.9  153.9    5.1    4.0    5.0    7.0    7.0    6.1   14.6
2024  9 21 265 12.00  333.0   32.7  242.8  2.860E+08  3.241E+07  7.451E+05 9.234E-15  934.2   937  6.612E+06  2.953E+03  1.186E+05  1.942E+06  153.9  153.9    5.1    4.0    5.0    7.0    7.0    6.1   14.6
2024  9 21 265 12.00  334.0   32.7  242.8  2.808E+08  3.139E+07  7.184E+05 9.047E-15  934.3   937  6.582E+06  2.821E+03  1.184E+05  1.911E+06  153.9  153.9    5.1    4.0    5.0    7.0    7.0    6.1   14.6
2024  9 21 265 12.00  335.0   32.7  242.8  2.757E+08  3.040E+07  6.927E+05 8.863E-15  934.3   937  6.551E+06  2.696E+03  1.183E+05  1.881E+06  153.9  153.9    5.1    4.0    5.0    7.0    7.0    6.1   14.6
2024  9 21 265 12.00  336.0   32.7  242.8  2.707E+08  2.945E+07  6.679E+05 8.684E-15  934.4   937  6.521E+06  2.576E+03  1.181E+05  1.851E+06  153.9  153.9    5.1    4.0    5.0    7.0    7.0    6.1   14.6
2024  9 21 265 12.00  337.0   32.7  242.8  2.658E+08  2.852E+07  6.439E+05 8.509E-15  934.5   937  6.491E+06  2.461E+03  1.180E+05  1.821E+06  153.9  153.9    5.1    4.0    5.0    7.0    7.0    6.1   14.6
2024  9 21 265 12.00  338.0   32.7  242.8  2.610E+08  2.763E+07  6.209E+05 8.337E-15  934.5   937  6.461E+06  2.352E+03  1.178E+05  1.793E+06  153.9  153.9    5.1    4.0    5.0    7.0    7.0    6.1   14.6
2024  9 21 265 12.00  339.0   32.7  242.8  2.563E+08  2.676E+07  5.987E+05 8.170E-15  934.6   937  6.432E+06  2.247E+03  1.177E+05  1.764E+06  153.9  153.9    5.1    4.0    5.0    7.0    7.0    6.1   14.6
2024  9 21 265 12.00  340.0   32.7  242.8  2.517E+08  2.592E+07  5.773E+05 8.005E-15  934.7   937  6.402E+06  2.148E+03  1.175E+05  1.736E+06  153.9  153.9    5.1    4.0    5.0    7.0    7.0    6.1   14.6
2024  9 21 265 12.00  341.0   32.7  242.8  2.471E+08  2.511E+07  5.567E+05 7.845E-15  934.7   937  6.373E+06  2.052E+03  1.174E+05  1.709E+06  153.9  153.9    5.1    4.0    5.0    7.0    7.0    6.1   14.6
2024  9 21 265 12.00  342.0   32.7  242.8  2.426E+08  2.432E+07  5.368E+05 7.688E-15  934.8   937  6.344E+06  1.961E+03  1.172E+05  1.682E+06  153.9  153.9    5.1    4.0    5.0    7.0    7.0    6.1   14.6
2024  9 21 265 12.00  343.0   32.7  242.8  2.383E+08  2.356E+07  5.176E+05 7.534E-15  934.8   937  6.315E+06  1.874E+03  1.171E+05  1.655E+06  153.9  153.9    5.1    4.0    5.0    7.0    7.0    6.1   14.6
2024  9 21 265 12.00  344.0   32.7  242.8  2.340E+08  2.282E+07  4.991E+05 7.384E-15  934.9   937  6.286E+06  1.791E+03  1.169E+05  1.629E+06  153.9  153.9    5.1    4.0    5.0    7.0    7.0    6.1   14.6
2024  9 21 265 12.00  345.0   32.7  242.8  2.297E+08  2.211E+07  4.813E+05 7.237E-15  934.9   937  6.257E+06  1.712E+03  1.168E+05  1.603E+06  153.9  153.9    5.1    4.0    5.0    7.0    7.0    6.1   14.6
2024  9 21 265 12.00  346.0   32.7  242.8  2.256E+08  2.141E+07  4.641E+05 7.093E-15  935.0   937  6.228E+06  1.636E+03  1.166E+05  1.578E+06  153.9  153.9    5.1    4.0    5.0    7.0    7.0    6.1   14.6
2024  9 21 265 12.00  347.0   32.7  242.8  2.215E+08  2.074E+07  4.476E+05 6.952E-15  935.0   937  6.200E+06  1.563E+03  1.165E+05  1.553E+06  153.9  153.9    5.1    4.0    5.0    7.0    7.0    6.1   14.6
2024  9 21 265 12.00  348.0   32.7  242.8  2.176E+08  2.009E+07  4.316E+05 6.814E-15  935.1   937  6.172E+06  1.494E+03  1.163E+05  1.529E+06  153.9  153.9    5.1    4.0    5.0    7.0    7.0    6.1   14.6
2024  9 21 265 12.00  349.0   32.7  242.8  2.136E+08  1.947E+07  4.163E+05 6.680E-15  935.1   937  6.143E+06  1.428E+03  1.162E+05  1.505E+06  153.9  153.9    5.1    4.0    5.0    7.0    7.0    6.1   14.6
2024  9 21 265 12.00  350.0   32.7  242.8  2.098E+08  1.886E+07  4.014E+05 6.548E-15  935.2   937  6.115E+06  1.365E+03  1.161E+05  1.481E+06  153.9  153.9    5.1    4.0    5.0    7.0    7.0    6.1   14.6
2024  9 21 265 12.00  351.0   32.7  242.8  2.060E+08  1.827E+07  3.871E+05 6.418E-15  935.2   937  6.088E+06  1.304E+03  1.159E+05  1.457E+06  153.9  153.9    5.1    4.0    5.0    7.0    7.0    6.1   14.6
2024  9 21 265 12.00  352.0   32.7  242.8  2.023E+08  1.770E+07  3.734E+05 6.292E-15  935.3   937  6.060E+06  1.247E+03  1.158E+05  1.435E+06  153.9  153.9    5.1    4.0    5.0    7.0    7.0    6.1   14.6
2024  9 21 265 12.00  353.0   32.7  242.8  1.987E+08  1.715E+07  3.601E+05 6.168E-15  935.3   937  6.032E+06  1.192E+03  1.156E+05  1.412E+06  153.9  153.9    5.1    4.0    5.0    7.0    7.0    6.1   14.6
2024  9 21 265 12.00  354.0   32.7  242.8  1.951E+08  1.661E+07  3.473E+05 6.047E-15  935.4   937  6.005E+06  1.139E+03  1.155E+05  1.390E+06  153.9  153.9    5.1    4.0    5.0    7.0    7.0    6.1   14.6
2024  9 21 265 12.00  355.0   32.7  242.8  1.916E+08  1.609E+07  3.349E+05 5.929E-15  935.4   937  5.977E+06  1.089E+03  1.153E+05  1.368E+06  153.9  153.9    5.1    4.0    5.0    7.0    7.0    6.1   14.6
2024  9 21 265 12.00  356.0   32.7  242.8  1.882E+08  1.559E+07  3.230E+05 5.813E-15  935.5   937  5.950E+06  1.041E+03  1.152E+05  1.346E+06  153.9  153.9    5.1    4.0    5.0    7.0    7.0    6.1   14.6
2024  9 21 265 12.00  357.0   32.7  242.8  1.848E+08  1.510E+07  3.116E+05 5.699E-15  935.5   937  5.923E+06  9.946E+02  1.151E+05  1.325E+06  153.9  153.9    5.1    4.0    5.0    7.0    7.0    6.1   14.6
2024  9 21 265 12.00  358.0   32.7  242.8  1.815E+08  1.463E+07  3.005E+05 5.588E-15  935.5   937  5.896E+06  9.507E+02  1.149E+05  1.304E+06  153.9  153.9    5.1    4.0    5.0    7.0    7.0    6.1   14.6
2024  9 21 265 12.00  359.0   32.7  242.8  1.782E+08  1.418E+07  2.898E+05 5.479E-15  935.6   937  5.870E+06  9.088E+02  1.148E+05  1.284E+06  153.9  153.9    5.1    4.0    5.0    7.0    7.0    6.1   14.6
2024  9 21 265 12.00  360.0   32.7  242.8  1.750E+08  1.374E+07  2.795E+05 5.372E-15  935.6   937  5.843E+06  8.687E+02  1.147E+05  1.264E+06  153.9  153.9    5.1    4.0    5.0    7.0    7.0    6.1   14.6
2024  9 21 265 12.00  361.0   32.7  242.8  1.719E+08  1.331E+07  2.696E+05 5.268E-15  935.6   937  5.816E+06  8.304E+02  1.145E+05  1.244E+06  153.9  153.9    5.1    4.0    5.0    7.0    7.0    6.1   14.6
2024  9 21 265 12.00  362.0   32.7  242.8  1.688E+08  1.289E+07  2.601E+05 5.166E-15  935.7   937  5.790E+06  7.938E+02  1.144E+05  1.224E+06  153.9  153.9    5.1    4.0    5.0    7.0    7.0    6.1   14.6
2024  9 21 265 12.00  363.0   32.7  242.8  1.658E+08  1.249E+07  2.508E+05 5.066E-15  935.7   937  5.764E+06  7.589E+02  1.142E+05  1.205E+06  153.9  153.9    5.1    4.0    5.0    7.0    7.0    6.1   14.6
2024  9 21 265 12.00  364.0   32.7  242.8  1.628E+08  1.211E+07  2.420E+05 4.968E-15  935.8   937  5.738E+06  7.255E+02  1.141E+05  1.186E+06  153.9  153.9    5.1    4.0    5.0    7.0    7.0    6.1   14.6
2024  9 21 265 12.00  365.0   32.7  242.8  1.599E+08  1.173E+07  2.334E+05 4.872E-15  935.8   937  5.712E+06  6.935E+02  1.140E+05  1.168E+06  153.9  153.9    5.1    4.0    5.0    7.0    7.0    6.1   14.6
2024  9 21 265 12.00  366.0   32.7  242.8  1.571E+08  1.136E+07  2.251E+05 4.778E-15  935.8   937  5.686E+06  6.630E+02  1.138E+05  1.149E+06  153.9  153.9    5.1    4.0    5.0    7.0    7.0    6.1   14.6
2024  9 21 265 12.00  367.0   32.7  242.8  1.542E+08  1.101E+07  2.172E+05 4.686E-15  935.9   937  5.660E+06  6.338E+02  1.137E+05  1.131E+06  153.9  153.9    5.1    4.0    5.0    7.0    7.0    6.1   14.6
2024  9 21 265 12.00  368.0   32.7  242.8  1.515E+08  1.067E+07  2.095E+05 4.596E-15  935.9   937  5.635E+06  6.060E+02  1.136E+05  1.114E+06  153.9  153.9    5.1    4.0    5.0    7.0    7.0    6.1   14.6
2024  9 21 265 12.00  369.0   32.7  242.8  1.488E+08  1.034E+07  2.021E+05 4.508E-15  935.9   937  5.609E+06  5.793E+02  1.134E+05  1.096E+06  153.9  153.9    5.1    4.0    5.0    7.0    7.0    6.1   14.6
2024  9 21 265 12.00  370.0   32.7  242.8  1.461E+08  1.002E+07  1.949E+05 4.421E-15  935.9   937  5.584E+06  5.539E+02  1.133E+05  1.079E+06  153.9  153.9    5.1    4.0    5.0    7.0    7.0    6.1   14.6
2024  9 21 265 12.00  371.0   32.7  242.8  1.435E+08  9.707E+06  1.880E+05 4.336E-15  936.0   937  5.559E+06  5.296E+02  1.132E+05  1.062E+06  153.9  153.9    5.1    4.0    5.0    7.0    7.0    6.1   14.6
2024  9 21 265 12.00  372.0   32.7  242.8  1.410E+08  9.406E+06  1.814E+05 4.254E-15  936.0   937  5.534E+06  5.063E+02  1.130E+05  1.046E+06  153.9  153.9    5.1    4.0    5.0    7.0    7.0    6.1   14.6
2024  9 21 265 12.00  373.0   32.7  242.8  1.384E+08  9.114E+06  1.750E+05 4.172E-15  936.0   937  5.509E+06  4.841E+02  1.129E+05  1.029E+06  153.9  153.9    5.1    4.0    5.0    7.0    7.0    6.1   14.6
2024  9 21 265 12.00  374.0   32.7  242.8  1.360E+08  8.832E+06  1.688E+05 4.093E-15  936.1   937  5.484E+06  4.628E+02  1.128E+05  1.013E+06  153.9  153.9    5.1    4.0    5.0    7.0    7.0    6.1   14.6
2024  9 21 265 12.00  375.0   32.7  242.8  1.336E+08  8.558E+06  1.628E+05 4.015E-15  936.1   937  5.459E+06  4.425E+02  1.126E+05  9.973E+05  153.9  153.9    5.1    4.0    5.0    7.0    7.0    6.1   14.6
2024  9 21 265 12.00  376.0   32.7  242.8  1.312E+08  8.293E+06  1.571E+05 3.938E-15  936.1   937  5.435E+06  4.231E+02  1.125E+05  9.817E+05  153.9  153.9    5.1    4.0    5.0    7.0    7.0    6.1   14.6
2024  9 21 265 12.00  377.0   32.7  242.8  1.288E+08  8.037E+06  1.515E+05 3.864E-15  936.1   937  5.410E+06  4.046E+02  1.124E+05  9.664E+05  153.9  153.9    5.1    4.0    5.0    7.0    7.0    6.1   14.6
2024  9 21 265 12.00  378.0   32.7  242.8  1.265E+08  7.788E+06  1.462E+05 3.790E-15  936.2   937  5.386E+06  3.868E+02  1.123E+05  9.513E+05  153.9  153.9    5.1    4.0    5.0    7.0    7.0    6.1   14.6
2024  9 21 265 12.00  379.0   32.7  242.8  1.243E+08  7.547E+06  1.411E+05 3.718E-15  936.2   937  5.362E+06  3.699E+02  1.121E+05  9.365E+05  153.9  153.9    5.1    4.0    5.0    7.0    7.0    6.1   14.6
2024  9 21 265 12.00  380.0   32.7  242.8  1.221E+08  7.314E+06  1.361E+05 3.648E-15  936.2   937  5.337E+06  3.537E+02  1.120E+05  9.219E+05  153.9  153.9    5.1    4.0    5.0    7.0    7.0    6.1   14.6
2024  9 21 265 12.00  381.0   32.7  242.8  1.199E+08  7.088E+06  1.313E+05 3.579E-15  936.2   937  5.313E+06  3.382E+02  1.119E+05  9.075E+05  153.9  153.9    5.1    4.0    5.0    7.0    7.0    6.1   14.6
2024  9 21 265 12.00  382.0   32.7  242.8  1.178E+08  6.869E+06  1.267E+05 3.512E-15  936.2   937  5.290E+06  3.234E+02  1.117E+05  8.934E+05  153.9  153.9    5.1    4.0    5.0    7.0    7.0    6.1   14.6
2024  9 21 265 12.00  383.0   32.7  242.8  1.157E+08  6.656E+06  1.222E+05 3.445E-15  936.3   937  5.266E+06  3.093E+02  1.116E+05  8.795E+05  153.9  153.9    5.1    4.0    5.0    7.0    7.0    6.1   14.6
2024  9 21 265 12.00  384.0   32.7  242.8  1.136E+08  6.451E+06  1.179E+05 3.380E-15  936.3   937  5.242E+06  2.957E+02  1.115E+05  8.658E+05  153.9  153.9    5.1    4.0    5.0    7.0    7.0    6.1   14.6
2024  9 21 265 12.00  385.0   32.7  242.8  1.116E+08  6.252E+06  1.138E+05 3.317E-15  936.3   937  5.219E+06  2.828E+02  1.113E+05  8.523E+05  153.9  153.9    5.1    4.0    5.0    7.0    7.0    6.1   14.6
2024  9 21 265 12.00  386.0   32.7  242.8  1.096E+08  6.059E+06  1.098E+05 3.255E-15  936.3   937  5.195E+06  2.704E+02  1.112E+05  8.391E+05  153.9  153.9    5.1    4.0    5.0    7.0    7.0    6.1   14.6
2024  9 21 265 12.00  387.0   32.7  242.8  1.077E+08  5.872E+06  1.059E+05 3.194E-15  936.4   937  5.172E+06  2.586E+02  1.111E+05  8.260E+05  153.9  153.9    5.1    4.0    5.0    7.0    7.0    6.1   14.6
2024  9 21 265 12.00  388.0   32.7  242.8  1.058E+08  5.691E+06  1.022E+05 3.134E-15  936.4   937  5.149E+06  2.473E+02  1.110E+05  8.132E+05  153.9  153.9    5.1    4.0    5.0    7.0    7.0    6.1   14.6
2024  9 21 265 12.00  389.0   32.7  242.8  1.039E+08  5.515E+06  9.858E+04 3.075E-15  936.4   937  5.126E+06  2.365E+02  1.108E+05  8.005E+05  153.9  153.9    5.1    4.0    5.0    7.0    7.0    6.1   14.6
2024  9 21 265 12.00  390.0   32.7  242.8  1.021E+08  5.345E+06  9.512E+04 3.018E-15  936.4   937  5.103E+06  2.262E+02  1.107E+05  7.881E+05  153.9  153.9    5.1    4.0    5.0    7.0    7.0    6.1   14.6
2024  9 21 265 12.00  391.0   32.7  242.8  1.002E+08  5.181E+06  9.178E+04 2.961E-15  936.4   937  5.080E+06  2.163E+02  1.106E+05  7.758E+05  153.9  153.9    5.1    4.0    5.0    7.0    7.0    6.1   14.6
2024  9 21 265 12.00  392.0   32.7  242.8  9.847E+07  5.021E+06  8.856E+04 2.906E-15  936.4   937  5.057E+06  2.069E+02  1.105E+05  7.638E+05  153.9  153.9    5.1    4.0    5.0    7.0    7.0    6.1   14.6
2024  9 21 265 12.00  393.0   32.7  242.8  9.673E+07  4.866E+06  8.545E+04 2.852E-15  936.5   937  5.035E+06  1.979E+02  1.103E+05  7.519E+05  153.9  153.9    5.1    4.0    5.0    7.0    7.0    6.1   14.6
2024  9 21 265 12.00  394.0   32.7  242.8  9.502E+07  4.717E+06  8.245E+04 2.799E-15  936.5   937  5.012E+06  1.892E+02  1.102E+05  7.403E+05  153.9  153.9    5.1    4.0    5.0    7.0    7.0    6.1   14.6
2024  9 21 265 12.00  395.0   32.7  242.8  9.334E+07  4.572E+06  7.956E+04 2.747E-15  936.5   937  4.990E+06  1.810E+02  1.101E+05  7.288E+05  153.9  153.9    5.1    4.0    5.0    7.0    7.0    6.1   14.6
2024  9 21 265 12.00  396.0   32.7  242.8  9.168E+07  4.431E+06  7.677E+04 2.696E-15  936.5   937  4.968E+06  1.731E+02  1.099E+05  7.175E+05  153.9  153.9    5.1    4.0    5.0    7.0    7.0    6.1   14.6
2024  9 21 265 12.00  397.0   32.7  242.8  9.006E+07  4.295E+06  7.408E+04 2.646E-15  936.5   937  4.945E+06  1.656E+02  1.098E+05  7.064E+05  153.9  153.9    5.1    4.0    5.0    7.0    7.0    6.1   14.6
2024  9 21 265 12.00  398.0   32.7  242.8  8.847E+07  4.163E+06  7.149E+04 2.597E-15  936.5   937  4.923E+06  1.584E+02  1.097E+05  6.954E+05  153.9  153.9    5.1    4.0    5.0    7.0    7.0    6.1   14.6
2024  9 21 265 12.00  399.0   32.7  242.8  8.691E+07  4.035E+06  6.898E+04 2.549E-15  936.6   937  4.901E+06  1.515E+02  1.096E+05  6.846E+05  153.9  153.9    5.1    4.0    5.0    7.0    7.0    6.1   14.6
2024  9 21 265 12.00  400.0   32.7  242.8  8.537E+07  3.911E+06  6.657E+04 2.502E-15  936.6   937  4.880E+06  1.449E+02  1.095E+05  6.740E+05  153.9  153.9    5.1    4.0    5.0    7.0    7.0    6.1   14.6
2024  9 21 265 12.00  401.0   32.7  242.8  8.386E+07  3.791E+06  6.424E+04 2.456E-15  936.6   937  4.858E+06  1.386E+02  1.093E+05  6.636E+05  153.9  153.9    5.1    4.0    5.0    7.0    7.0    6.1   14.6
2024  9 21 265 12.00  402.0   32.7  242.8  8.238E+07  3.674E+06  6.199E+04 2.410E-15  936.6   937  4.836E+06  1.326E+02  1.092E+05  6.533E+05  153.9  153.9    5.1    4.0    5.0    7.0    7.0    6.1   14.6
2024  9 21 265 12.00  403.0   32.7  242.8  8.093E+07  3.562E+06  5.982E+04 2.366E-15  936.6   937  4.815E+06  1.268E+02  1.091E+05  6.432E+05  153.9  153.9    5.1    4.0    5.0    7.0    7.0    6.1   14.6
2024  9 21 265 12.00  404.0   32.7  242.8  7.950E+07  3.452E+06  5.773E+04 2.323E-15  936.6   937  4.793E+06  1.213E+02  1.090E+05  6.333E+05  153.9  153.9    5.1    4.0    5.0    7.0    7.0    6.1   14.6
2024  9 21 265 12.00  405.0   32.7  242.8  7.810E+07  3.346E+06  5.571E+04 2.280E-15  936.6   937  4.772E+06  1.160E+02  1.088E+05  6.235E+05  153.9  153.9    5.1    4.0    5.0    7.0    7.0    6.1   14.6
2024  9 21 265 12.00  406.0   32.7  242.8  7.672E+07  3.244E+06  5.377E+04 2.238E-15  936.7   937  4.751E+06  1.110E+02  1.087E+05  6.138E+05  153.9  153.9    5.1    4.0    5.0    7.0    7.0    6.1   14.6
2024  9 21 265 12.00  407.0   32.7  242.8  7.537E+07  3.144E+06  5.189E+04 2.197E-15  936.7   937  4.730E+06  1.062E+02  1.086E+05  6.044E+05  153.9  153.9    5.1    4.0    5.0    7.0    7.0    6.1   14.6
2024  9 21 265 12.00  408.0   32.7  242.8  7.404E+07  3.048E+06  5.008E+04 2.157E-15  936.7   937  4.709E+06  1.015E+02  1.085E+05  5.950E+05  153.9  153.9    5.1    4.0    5.0    7.0    7.0    6.1   14.6
2024  9 21 265 12.00  409.0   32.7  242.8  7.273E+07  2.955E+06  4.833E+04 2.117E-15  936.7   937  4.688E+06  9.714E+01  1.083E+05  5.858E+05  153.9  153.9    5.1    4.0    5.0    7.0    7.0    6.1   14.6
2024  9 21 265 12.00  410.0   32.7  242.8  7.145E+07  2.864E+06  4.664E+04 2.079E-15  936.7   937  4.667E+06  9.292E+01  1.082E+05  5.768E+05  153.9  153.9    5.1    4.0    5.0    7.0    7.0    6.1   14.6
2024  9 21 265 12.00  411.0   32.7  242.8  7.020E+07  2.776E+06  4.501E+04 2.041E-15  936.7   937  4.646E+06  8.889E+01  1.081E+05  5.679E+05  153.9  153.9    5.1    4.0    5.0    7.0    7.0    6.1   14.6
2024  9 21 265 12.00  412.0   32.7  242.8  6.896E+07  2.691E+06  4.344E+04 2.004E-15  936.7   937  4.625E+06  8.504E+01  1.080E+05  5.591E+05  153.9  153.9    5.1    4.0    5.0    7.0    7.0    6.1   14.6
2024  9 21 265 12.00  413.0   32.7  242.8  6.775E+07  2.609E+06  4.193E+04 1.967E-15  936.7   937  4.605E+06  8.136E+01  1.079E+05  5.505E+05  153.9  153.9    5.1    4.0    5.0    7.0    7.0    6.1   14.6
2024  9 21 265 12.00  414.0   32.7  242.8  6.655E+07  2.529E+06  4.047E+04 1.931E-15  936.7   937  4.585E+06  7.783E+01  1.077E+05  5.420E+05  153.9  153.9    5.1    4.0    5.0    7.0    7.0    6.1   14.6
2024  9 21 265 12.00  415.0   32.7  242.8  6.538E+07  2.452E+06  3.906E+04 1.896E-15  936.8   937  4.564E+06  7.446E+01  1.076E+05  5.337E+05  153.9  153.9    5.1    4.0    5.0    7.0    7.0    6.1   14.6
2024  9 21 265 12.00  416.0   32.7  242.8  6.424E+07  2.377E+06  3.770E+04 1.862E-15  936.8   937  4.544E+06  7.124E+01  1.075E+05  5.255E+05  153.9  153.9    5.1    4.0    5.0    7.0    7.0    6.1   14.6
2024  9 21 265 12.00  417.0   32.7  242.8  6.311E+07  2.304E+06  3.638E+04 1.828E-15  936.8   937  4.524E+06  6.815E+01  1.074E+05  5.174E+05  153.9  153.9    5.1    4.0    5.0    7.0    7.0    6.1   14.6
2024  9 21 265 12.00  418.0   32.7  242.8  6.200E+07  2.234E+06  3.512E+04 1.795E-15  936.8   937  4.504E+06  6.520E+01  1.073E+05  5.094E+05  153.9  153.9    5.1    4.0    5.0    7.0    7.0    6.1   14.6
2024  9 21 265 12.00  419.0   32.7  242.8  6.091E+07  2.166E+06  3.389E+04 1.762E-15  936.8   937  4.484E+06  6.238E+01  1.071E+05  5.016E+05  153.9  153.9    5.1    4.0    5.0    7.0    7.0    6.1   14.6
2024  9 21 265 12.00  420.0   32.7  242.8  5.984E+07  2.100E+06  3.271E+04 1.731E-15  936.8   937  4.464E+06  5.968E+01  1.070E+05  4.938E+05  153.9  153.9    5.1    4.0    5.0    7.0    7.0    6.1   14.6
2024  9 21 265 12.00  421.0   32.7  242.8  5.879E+07  2.036E+06  3.158E+04 1.699E-15  936.8   937  4.444E+06  5.710E+01  1.069E+05  4.862E+05  153.9  153.9    5.1    4.0    5.0    7.0    7.0    6.1   14.6
2024  9 21 265 12.00  422.0   32.7  242.8  5.776E+07  1.973E+06  3.048E+04 1.669E-15  936.8   937  4.425E+06  5.464E+01  1.068E+05  4.788E+05  153.9  153.9    5.1    4.0    5.0    7.0    7.0    6.1   14.6
2024  9 21 265 12.00  423.0   32.7  242.8  5.674E+07  1.913E+06  2.942E+04 1.639E-15  936.8   937  4.405E+06  5.228E+01  1.067E+05  4.714E+05  153.9  153.9    5.1    4.0    5.0    7.0    7.0    6.1   14.6
2024  9 21 265 12.00  424.0   32.7  242.8  5.575E+07  1.855E+06  2.840E+04 1.609E-15  936.8   937  4.386E+06  5.002E+01  1.065E+05  4.642E+05  153.9  153.9    5.1    4.0    5.0    7.0    7.0    6.1   14.6
2024  9 21 265 12.00  425.0   32.7  242.8  5.477E+07  1.798E+06  2.741E+04 1.580E-15  936.8   937  4.366E+06  4.786E+01  1.064E+05  4.570E+05  153.9  153.9    5.1    4.0    5.0    7.0    7.0    6.1   14.6
2024  9 21 265 12.00  426.0   32.7  242.8  5.381E+07  1.744E+06  2.646E+04 1.552E-15  936.9   937  4.347E+06  4.579E+01  1.063E+05  4.500E+05  153.9  153.9    5.1    4.0    5.0    7.0    7.0    6.1   14.6
2024  9 21 265 12.00  427.0   32.7  242.8  5.287E+07  1.690E+06  2.554E+04 1.524E-15  936.9   937  4.328E+06  4.382E+01  1.062E+05  4.431E+05  153.9  153.9    5.1    4.0    5.0    7.0    7.0    6.1   14.6
2024  9 21 265 12.00  428.0   32.7  242.8  5.194E+07  1.639E+06  2.465E+04 1.497E-15  936.9   937  4.309E+06  4.193E+01  1.061E+05  4.363E+05  153.9  153.9    5.1    4.0    5.0    7.0    7.0    6.1   14.6
2024  9 21 265 12.00  429.0   32.7  242.8  5.103E+07  1.589E+06  2.380E+04 1.470E-15  936.9   937  4.290E+06  4.012E+01  1.059E+05  4.296E+05  153.9  153.9    5.1    4.0    5.0    7.0    7.0    6.1   14.6
2024  9 21 265 12.00  430.0   32.7  242.8  5.014E+07  1.541E+06  2.297E+04 1.444E-15  936.9   937  4.271E+06  3.839E+01  1.058E+05  4.230E+05  153.9  153.9    5.1    4.0    5.0    7.0    7.0    6.1   14.6
2024  9 21 265 12.00  431.0   32.7  242.8  4.926E+07  1.494E+06  2.218E+04 1.418E-15  936.9   937  4.252E+06  3.673E+01  1.057E+05  4.165E+05  153.9  153.9    5.1    4.0    5.0    7.0    7.0    6.1   14.6
2024  9 21 265 12.00  432.0   32.7  242.8  4.840E+07  1.448E+06  2.141E+04 1.392E-15  936.9   937  4.233E+06  3.515E+01  1.056E+05  4.101E+05  153.9  153.9    5.1    4.0    5.0    7.0    7.0    6.1   14.6
2024  9 21 265 12.00  433.0   32.7  242.8  4.756E+07  1.404E+06  2.066E+04 1.368E-15  936.9   937  4.215E+06  3.364E+01  1.055E+05  4.039E+05  153.9  153.9    5.1    4.0    5.0    7.0    7.0    6.1   14.6
2024  9 21 265 12.00  434.0   32.7  242.8  4.673E+07  1.362E+06  1.995E+04 1.343E-15  936.9   937  4.196E+06  3.219E+01  1.054E+05  3.977E+05  153.9  153.9    5.1    4.0    5.0    7.0    7.0    6.1   14.6
2024  9 21 265 12.00  435.0   32.7  242.8  4.591E+07  1.320E+06  1.926E+04 1.319E-15  936.9   937  4.177E+06  3.080E+01  1.052E+05  3.916E+05  153.9  153.9    5.1    4.0    5.0    7.0    7.0    6.1   14.6
2024  9 21 265 12.00  436.0   32.7  242.8  4.511E+07  1.280E+06  1.859E+04 1.296E-15  936.9   937  4.159E+06  2.948E+01  1.051E+05  3.856E+05  153.9  153.9    5.1    4.0    5.0    7.0    7.0    6.1   14.6
2024  9 21 265 12.00  437.0   32.7  242.8  4.432E+07  1.241E+06  1.795E+04 1.273E-15  936.9   937  4.141E+06  2.821E+01  1.050E+05  3.797E+05  153.9  153.9    5.1    4.0    5.0    7.0    7.0    6.1   14.6
2024  9 21 265 12.00  438.0   32.7  242.8  4.355E+07  1.204E+06  1.733E+04 1.250E-15  936.9   937  4.123E+06  2.699E+01  1.049E+05  3.739E+05  153.9  153.9    5.1    4.0    5.0    7.0    7.0    6.1   14.6
2024  9 21 265 12.00  439.0   32.7  242.8  4.279E+07  1.167E+06  1.673E+04 1.228E-15  936.9   937  4.104E+06  2.583E+01  1.048E+05  3.682E+05  153.9  153.9    5.1    4.0    5.0    7.0    7.0    6.1   14.6
2024  9 21 265 12.00  440.0   32.7  242.8  4.204E+07  1.132E+06  1.615E+04 1.206E-15  936.9   937  4.086E+06  2.472E+01  1.047E+05  3.625E+05  153.9  153.9    5.1    4.0    5.0    7.0    7.0    6.1   14.6
2024  9 21 265 12.00  441.0   32.7  242.8  4.131E+07  1.097E+06  1.559E+04 1.185E-15  937.0   937  4.068E+06  2.366E+01  1.045E+05  3.570E+05  153.9  153.9    5.1    4.0    5.0    7.0    7.0    6.1   14.6
2024  9 21 265 12.00  442.0   32.7  242.8  4.059E+07  1.064E+06  1.505E+04 1.164E-15  937.0   937  4.051E+06  2.264E+01  1.044E+05  3.515E+05  153.9  153.9    5.1    4.0    5.0    7.0    7.0    6.1   14.6
2024  9 21 265 12.00  443.0   32.7  242.8  3.988E+07  1.032E+06  1.453E+04 1.143E-15  937.0   937  4.033E+06  2.167E+01  1.043E+05  3.462E+05  153.9  153.9    5.1    4.0    5.0    7.0    7.0    6.1   14.6
2024  9 21 265 12.00  444.0   32.7  242.8  3.918E+07  1.001E+06  1.403E+04 1.123E-15  937.0   937  4.015E+06  2.074E+01  1.042E+05  3.409E+05  153.9  153.9    5.1    4.0    5.0    7.0    7.0    6.1   14.6
2024  9 21 265 12.00  445.0   32.7  242.8  3.850E+07  9.702E+05  1.354E+04 1.103E-15  937.0   937  3.997E+06  1.985E+01  1.041E+05  3.357E+05  153.9  153.9    5.1    4.0    5.0    7.0    7.0    6.1   14.6
2024  9 21 265 12.00  446.0   32.7  242.8  3.783E+07  9.408E+05  1.308E+04 1.084E-15  937.0   937  3.980E+06  1.900E+01  1.040E+05  3.305E+05  153.9  153.9    5.1    4.0    5.0    7.0    7.0    6.1   14.6
2024  9 21 265 12.00  447.0   32.7  242.8  3.717E+07  9.123E+05  1.263E+04 1.065E-15  937.0   937  3.962E+06  1.818E+01  1.038E+05  3.255E+05  153.9  153.9    5.1    4.0    5.0    7.0    7.0    6.1   14.6
2024  9 21 265 12.00  448.0   32.7  242.8  3.652E+07  8.847E+05  1.219E+04 1.046E-15  937.0   937  3.945E+06  1.740E+01  1.037E+05  3.205E+05  153.9  153.9    5.1    4.0    5.0    7.0    7.0    6.1   14.6
2024  9 21 265 12.00  449.0   32.7  242.8  3.589E+07  8.580E+05  1.177E+04 1.028E-15  937.0   937  3.928E+06  1.666E+01  1.036E+05  3.156E+05  153.9  153.9    5.1    4.0    5.0    7.0    7.0    6.1   14.6