Since the F10.7 (3-month avg) of the requested date is not yet available, the value of F10.7 (daily) is used instead as the value of F10.7 (3-monthavg).
Year Mon Day DOY hour Heit(km) Lat  Lon Oden(cm-3) N2den(cm-3) O2den(cm-3) air(gm/cm3) T(K) exoT(K) Heden(cm-3)Arden(cm-3) Hden(cm-3) Nden(cm-3) F107 F107a apdaily  ap0-3 ap3-6 ap6-9 ap9-12 ap12-33 ap33-59
2024  9 21 265 12.00  750.0   32.7  242.8  2.286E+05  1.227E+02  4.777E-01 1.382E-17  937.2   937  1.109E+06  5.483E-05  7.552E+04  3.774E+03  153.9  153.9    5.1    4.0    5.0    7.0    7.0    6.1   14.6
2024  9 21 265 12.00  751.0   32.7  242.8  2.250E+05  1.193E+02  4.626E-01 1.369E-17  937.2   937  1.105E+06  5.268E-05  7.545E+04  3.721E+03  153.9  153.9    5.1    4.0    5.0    7.0    7.0    6.1   14.6
2024  9 21 265 12.00  752.0   32.7  242.8  2.214E+05  1.160E+02  4.479E-01 1.356E-17  937.2   937  1.101E+06  5.060E-05  7.537E+04  3.669E+03  153.9  153.9    5.1    4.0    5.0    7.0    7.0    6.1   14.6
2024  9 21 265 12.00  753.0   32.7  242.8  2.178E+05  1.128E+02  4.338E-01 1.344E-17  937.2   937  1.096E+06  4.861E-05  7.530E+04  3.618E+03  153.9  153.9    5.1    4.0    5.0    7.0    7.0    6.1   14.6
2024  9 21 265 12.00  754.0   32.7  242.8  2.144E+05  1.096E+02  4.200E-01 1.331E-17  937.2   937  1.092E+06  4.670E-05  7.522E+04  3.568E+03  153.9  153.9    5.1    4.0    5.0    7.0    7.0    6.1   14.6
2024  9 21 265 12.00  755.0   32.7  242.8  2.110E+05  1.066E+02  4.068E-01 1.319E-17  937.2   937  1.087E+06  4.487E-05  7.515E+04  3.518E+03  153.9  153.9    5.1    4.0    5.0    7.0    7.0    6.1   14.6
2024  9 21 265 12.00  756.0   32.7  242.8  2.076E+05  1.036E+02  3.939E-01 1.307E-17  937.2   937  1.083E+06  4.310E-05  7.507E+04  3.469E+03  153.9  153.9    5.1    4.0    5.0    7.0    7.0    6.1   14.6
2024  9 21 265 12.00  757.0   32.7  242.8  2.043E+05  1.008E+02  3.815E-01 1.295E-17  937.2   937  1.079E+06  4.141E-05  7.500E+04  3.420E+03  153.9  153.9    5.1    4.0    5.0    7.0    7.0    6.1   14.6
2024  9 21 265 12.00  758.0   32.7  242.8  2.010E+05  9.797E+01  3.694E-01 1.284E-17  937.2   937  1.074E+06  3.978E-05  7.492E+04  3.373E+03  153.9  153.9    5.1    4.0    5.0    7.0    7.0    6.1   14.6
2024  9 21 265 12.00  759.0   32.7  242.8  1.978E+05  9.525E+01  3.578E-01 1.272E-17  937.2   937  1.070E+06  3.822E-05  7.485E+04  3.326E+03  153.9  153.9    5.1    4.0    5.0    7.0    7.0    6.1   14.6
2024  9 21 265 12.00  760.0   32.7  242.8  1.947E+05  9.261E+01  3.465E-01 1.261E-17  937.2   937  1.066E+06  3.672E-05  7.477E+04  3.279E+03  153.9  153.9    5.1    4.0    5.0    7.0    7.0    6.1   14.6
2024  9 21 265 12.00  761.0   32.7  242.8  1.916E+05  9.005E+01  3.355E-01 1.249E-17  937.2   937  1.062E+06  3.528E-05  7.470E+04  3.233E+03  153.9  153.9    5.1    4.0    5.0    7.0    7.0    6.1   14.6
2024  9 21 265 12.00  762.0   32.7  242.8  1.886E+05  8.756E+01  3.249E-01 1.238E-17  937.2   937  1.057E+06  3.389E-05  7.462E+04  3.188E+03  153.9  153.9    5.1    4.0    5.0    7.0    7.0    6.1   14.6
2024  9 21 265 12.00  763.0   32.7  242.8  1.856E+05  8.514E+01  3.147E-01 1.227E-17  937.2   937  1.053E+06  3.256E-05  7.455E+04  3.144E+03  153.9  153.9    5.1    4.0    5.0    7.0    7.0    6.1   14.6
2024  9 21 265 12.00  764.0   32.7  242.8  1.826E+05  8.278E+01  3.048E-01 1.217E-17  937.2   937  1.049E+06  3.129E-05  7.447E+04  3.100E+03  153.9  153.9    5.1    4.0    5.0    7.0    7.0    6.1   14.6
2024  9 21 265 12.00  765.0   32.7  242.8  1.797E+05  8.049E+01  2.952E-01 1.206E-17  937.2   937  1.045E+06  3.006E-05  7.440E+04  3.057E+03  153.9  153.9    5.1    4.0    5.0    7.0    7.0    6.1   14.6
2024  9 21 265 12.00  766.0   32.7  242.8  1.768E+05  7.827E+01  2.859E-01 1.195E-17  937.2   937  1.040E+06  2.888E-05  7.432E+04  3.014E+03  153.9  153.9    5.1    4.0    5.0    7.0    7.0    6.1   14.6
2024  9 21 265 12.00  767.0   32.7  242.8  1.740E+05  7.610E+01  2.768E-01 1.185E-17  937.2   937  1.036E+06  2.775E-05  7.425E+04  2.972E+03  153.9  153.9    5.1    4.0    5.0    7.0    7.0    6.1   14.6
2024  9 21 265 12.00  768.0   32.7  242.8  1.713E+05  7.400E+01  2.681E-01 1.175E-17  937.2   937  1.032E+06  2.666E-05  7.417E+04  2.931E+03  153.9  153.9    5.1    4.0    5.0    7.0    7.0    6.1   14.6
2024  9 21 265 12.00  769.0   32.7  242.8  1.686E+05  7.195E+01  2.597E-01 1.165E-17  937.2   937  1.028E+06  2.562E-05  7.410E+04  2.890E+03  153.9  153.9    5.1    4.0    5.0    7.0    7.0    6.1   14.6
2024  9 21 265 12.00  770.0   32.7  242.8  1.659E+05  6.997E+01  2.515E-01 1.155E-17  937.2   937  1.024E+06  2.462E-05  7.403E+04  2.850E+03  153.9  153.9    5.1    4.0    5.0    7.0    7.0    6.1   14.6
2024  9 21 265 12.00  771.0   32.7  242.8  1.633E+05  6.804E+01  2.436E-01 1.145E-17  937.2   937  1.020E+06  2.365E-05  7.395E+04  2.811E+03  153.9  153.9    5.1    4.0    5.0    7.0    7.0    6.1   14.6
2024  9 21 265 12.00  772.0   32.7  242.8  1.607E+05  6.616E+01  2.359E-01 1.135E-17  937.2   937  1.016E+06  2.273E-05  7.388E+04  2.771E+03  153.9  153.9    5.1    4.0    5.0    7.0    7.0    6.1   14.6
2024  9 21 265 12.00  773.0   32.7  242.8  1.581E+05  6.433E+01  2.285E-01 1.125E-17  937.2   937  1.012E+06  2.184E-05  7.380E+04  2.733E+03  153.9  153.9    5.1    4.0    5.0    7.0    7.0    6.1   14.6
2024  9 21 265 12.00  774.0   32.7  242.8  1.556E+05  6.256E+01  2.213E-01 1.116E-17  937.2   937  1.008E+06  2.098E-05  7.373E+04  2.695E+03  153.9  153.9    5.1    4.0    5.0    7.0    7.0    6.1   14.6
2024  9 21 265 12.00  775.0   32.7  242.8  1.531E+05  6.083E+01  2.144E-01 1.106E-17  937.2   937  1.004E+06  2.016E-05  7.366E+04  2.658E+03  153.9  153.9    5.1    4.0    5.0    7.0    7.0    6.1   14.6
2024  9 21 265 12.00  776.0   32.7  242.8  1.507E+05  5.916E+01  2.076E-01 1.097E-17  937.2   937  9.997E+05  1.938E-05  7.358E+04  2.621E+03  153.9  153.9    5.1    4.0    5.0    7.0    7.0    6.1   14.6
2024  9 21 265 12.00  777.0   32.7  242.8  1.483E+05  5.752E+01  2.011E-01 1.088E-17  937.2   937  9.957E+05  1.862E-05  7.351E+04  2.584E+03  153.9  153.9    5.1    4.0    5.0    7.0    7.0    6.1   14.6
2024  9 21 265 12.00  778.0   32.7  242.8  1.460E+05  5.594E+01  1.948E-01 1.079E-17  937.2   937  9.917E+05  1.789E-05  7.344E+04  2.548E+03  153.9  153.9    5.1    4.0    5.0    7.0    7.0    6.1   14.6
2024  9 21 265 12.00  779.0   32.7  242.8  1.437E+05  5.440E+01  1.887E-01 1.070E-17  937.2   937  9.878E+05  1.719E-05  7.336E+04  2.513E+03  153.9  153.9    5.1    4.0    5.0    7.0    7.0    6.1   14.6
2024  9 21 265 12.00  780.0   32.7  242.8  1.414E+05  5.290E+01  1.827E-01 1.061E-17  937.2   937  9.839E+05  1.652E-05  7.329E+04  2.478E+03  153.9  153.9    5.1    4.0    5.0    7.0    7.0    6.1   14.6
2024  9 21 265 12.00  781.0   32.7  242.8  1.392E+05  5.144E+01  1.770E-01 1.053E-17  937.2   937  9.799E+05  1.588E-05  7.322E+04  2.444E+03  153.9  153.9    5.1    4.0    5.0    7.0    7.0    6.1   14.6
2024  9 21 265 12.00  782.0   32.7  242.8  1.370E+05  5.003E+01  1.714E-01 1.044E-17  937.2   937  9.761E+05  1.526E-05  7.314E+04  2.410E+03  153.9  153.9    5.1    4.0    5.0    7.0    7.0    6.1   14.6
2024  9 21 265 12.00  783.0   32.7  242.8  1.348E+05  4.865E+01  1.661E-01 1.036E-17  937.2   937  9.722E+05  1.466E-05  7.307E+04  2.377E+03  153.9  153.9    5.1    4.0    5.0    7.0    7.0    6.1   14.6
2024  9 21 265 12.00  784.0   32.7  242.8  1.327E+05  4.731E+01  1.609E-01 1.027E-17  937.2   937  9.683E+05  1.409E-05  7.300E+04  2.344E+03  153.9  153.9    5.1    4.0    5.0    7.0    7.0    6.1   14.6
2024  9 21 265 12.00  785.0   32.7  242.8  1.306E+05  4.601E+01  1.558E-01 1.019E-17  937.2   937  9.645E+05  1.354E-05  7.293E+04  2.311E+03  153.9  153.9    5.1    4.0    5.0    7.0    7.0    6.1   14.6
2024  9 21 265 12.00  786.0   32.7  242.8  1.285E+05  4.475E+01  1.509E-01 1.011E-17  937.2   937  9.606E+05  1.301E-05  7.285E+04  2.279E+03  153.9  153.9    5.1    4.0    5.0    7.0    7.0    6.1   14.6
2024  9 21 265 12.00  787.0   32.7  242.8  1.265E+05  4.352E+01  1.462E-01 1.003E-17  937.2   937  9.568E+05  1.251E-05  7.278E+04  2.248E+03  153.9  153.9    5.1    4.0    5.0    7.0    7.0    6.1   14.6
2024  9 21 265 12.00  788.0   32.7  242.8  1.245E+05  4.232E+01  1.416E-01 9.948E-18  937.2   937  9.530E+05  1.202E-05  7.271E+04  2.217E+03  153.9  153.9    5.1    4.0    5.0    7.0    7.0    6.1   14.6
2024  9 21 265 12.00  789.0   32.7  242.8  1.225E+05  4.116E+01  1.372E-01 9.869E-18  937.2   937  9.492E+05  1.155E-05  7.264E+04  2.186E+03  153.9  153.9    5.1    4.0    5.0    7.0    7.0    6.1   14.6
2024  9 21 265 12.00  790.0   32.7  242.8  1.206E+05  4.003E+01  1.329E-01 9.791E-18  937.2   937  9.455E+05  1.110E-05  7.256E+04  2.156E+03  153.9  153.9    5.1    4.0    5.0    7.0    7.0    6.1   14.6
2024  9 21 265 12.00  791.0   32.7  242.8  1.187E+05  3.893E+01  1.287E-01 9.714E-18  937.2   937  9.417E+05  1.067E-05  7.249E+04  2.126E+03  153.9  153.9    5.1    4.0    5.0    7.0    7.0    6.1   14.6
2024  9 21 265 12.00  792.0   32.7  242.8  1.168E+05  3.786E+01  1.247E-01 9.638E-18  937.2   937  9.380E+05  1.025E-05  7.242E+04  2.097E+03  153.9  153.9    5.1    4.0    5.0    7.0    7.0    6.1   14.6
2024  9 21 265 12.00  793.0   32.7  242.8  1.150E+05  3.682E+01  1.208E-01 9.563E-18  937.2   937  9.343E+05  9.855E-06  7.235E+04  2.068E+03  153.9  153.9    5.1    4.0    5.0    7.0    7.0    6.1   14.6
2024  9 21 265 12.00  794.0   32.7  242.8  1.132E+05  3.581E+01  1.170E-01 9.489E-18  937.2   937  9.305E+05  9.472E-06  7.228E+04  2.039E+03  153.9  153.9    5.1    4.0    5.0    7.0    7.0    6.1   14.6
2024  9 21 265 12.00  795.0   32.7  242.8  1.114E+05  3.483E+01  1.134E-01 9.416E-18  937.2   937  9.269E+05  9.103E-06  7.221E+04  2.011E+03  153.9  153.9    5.1    4.0    5.0    7.0    7.0    6.1   14.6
2024  9 21 265 12.00  796.0   32.7  242.8  1.096E+05  3.387E+01  1.098E-01 9.344E-18  937.2   937  9.232E+05  8.750E-06  7.213E+04  1.983E+03  153.9  153.9    5.1    4.0    5.0    7.0    7.0    6.1   14.6
2024  9 21 265 12.00  797.0   32.7  242.8  1.079E+05  3.295E+01  1.064E-01 9.273E-18  937.2   937  9.195E+05  8.410E-06  7.206E+04  1.956E+03  153.9  153.9    5.1    4.0    5.0    7.0    7.0    6.1   14.6
2024  9 21 265 12.00  798.0   32.7  242.8  1.062E+05  3.204E+01  1.031E-01 9.202E-18  937.2   937  9.159E+05  8.083E-06  7.199E+04  1.929E+03  153.9  153.9    5.1    4.0    5.0    7.0    7.0    6.1   14.6
2024  9 21 265 12.00  799.0   32.7  242.8  1.045E+05  3.116E+01  9.985E-02 9.132E-18  937.2   937  9.123E+05  7.769E-06  7.192E+04  1.902E+03  153.9  153.9    5.1    4.0    5.0    7.0    7.0    6.1   14.6
2024  9 21 265 12.00  800.0   32.7  242.8  1.029E+05  3.031E+01  9.673E-02 9.063E-18  937.2   937  9.087E+05  7.467E-06  7.185E+04  1.876E+03  153.9  153.9    5.1    4.0    5.0    7.0    7.0    6.1   14.6
2024  9 21 265 12.00  801.0   32.7  242.8  1.013E+05  2.948E+01  9.371E-02 8.995E-18  937.2   937  9.051E+05  7.177E-06  7.178E+04  1.850E+03  153.9  153.9    5.1    4.0    5.0    7.0    7.0    6.1   14.6
2024  9 21 265 12.00  802.0   32.7  242.8  9.966E+04  2.867E+01  9.079E-02 8.928E-18  937.2   937  9.015E+05  6.899E-06  7.171E+04  1.825E+03  153.9  153.9    5.1    4.0    5.0    7.0    7.0    6.1   14.6
2024  9 21 265 12.00  803.0   32.7  242.8  9.810E+04  2.789E+01  8.795E-02 8.862E-18  937.2   937  8.979E+05  6.631E-06  7.163E+04  1.799E+03  153.9  153.9    5.1    4.0    5.0    7.0    7.0    6.1   14.6
2024  9 21 265 12.00  804.0   32.7  242.8  9.656E+04  2.713E+01  8.521E-02 8.796E-18  937.2   937  8.944E+05  6.374E-06  7.156E+04  1.775E+03  153.9  153.9    5.1    4.0    5.0    7.0    7.0    6.1   14.6
2024  9 21 265 12.00  805.0   32.7  242.8  9.504E+04  2.638E+01  8.255E-02 8.731E-18  937.2   937  8.908E+05  6.127E-06  7.149E+04  1.750E+03  153.9  153.9    5.1    4.0    5.0    7.0    7.0    6.1   14.6
2024  9 21 265 12.00  806.0   32.7  242.8  9.355E+04  2.566E+01  7.998E-02 8.667E-18  937.2   937  8.873E+05  5.889E-06  7.142E+04  1.726E+03  153.9  153.9    5.1    4.0    5.0    7.0    7.0    6.1   14.6
2024  9 21 265 12.00  807.0   32.7  242.8  9.208E+04  2.496E+01  7.749E-02 8.603E-18  937.2   937  8.838E+05  5.661E-06  7.135E+04  1.702E+03  153.9  153.9    5.1    4.0    5.0    7.0    7.0    6.1   14.6
2024  9 21 265 12.00  808.0   32.7  242.8  9.063E+04  2.428E+01  7.507E-02 8.540E-18  937.2   937  8.803E+05  5.442E-06  7.128E+04  1.679E+03  153.9  153.9    5.1    4.0    5.0    7.0    7.0    6.1   14.6
2024  9 21 265 12.00  809.0   32.7  242.8  8.921E+04  2.362E+01  7.274E-02 8.478E-18  937.2   937  8.768E+05  5.231E-06  7.121E+04  1.656E+03  153.9  153.9    5.1    4.0    5.0    7.0    7.0    6.1   14.6
2024  9 21 265 12.00  810.0   32.7  242.8  8.781E+04  2.297E+01  7.047E-02 8.417E-18  937.2   937  8.734E+05  5.029E-06  7.114E+04  1.633E+03  153.9  153.9    5.1    4.0    5.0    7.0    7.0    6.1   14.6
2024  9 21 265 12.00  811.0   32.7  242.8  8.643E+04  2.234E+01  6.828E-02 8.357E-18  937.2   937  8.699E+05  4.834E-06  7.107E+04  1.611E+03  153.9  153.9    5.1    4.0    5.0    7.0    7.0    6.1   14.6
2024  9 21 265 12.00  812.0   32.7  242.8  8.508E+04  2.173E+01  6.615E-02 8.297E-18  937.2   937  8.665E+05  4.647E-06  7.100E+04  1.589E+03  153.9  153.9    5.1    4.0    5.0    7.0    7.0    6.1   14.6
2024  9 21 265 12.00  813.0   32.7  242.8  8.374E+04  2.114E+01  6.409E-02 8.237E-18  937.2   937  8.631E+05  4.467E-06  7.093E+04  1.567E+03  153.9  153.9    5.1    4.0    5.0    7.0    7.0    6.1   14.6
2024  9 21 265 12.00  814.0   32.7  242.8  8.243E+04  2.056E+01  6.210E-02 8.179E-18  937.2   937  8.597E+05  4.294E-06  7.086E+04  1.545E+03  153.9  153.9    5.1    4.0    5.0    7.0    7.0    6.1   14.6
2024  9 21 265 12.00  815.0   32.7  242.8  8.114E+04  2.000E+01  6.017E-02 8.121E-18  937.2   937  8.563E+05  4.128E-06  7.079E+04  1.524E+03  153.9  153.9    5.1    4.0    5.0    7.0    7.0    6.1   14.6
2024  9 21 265 12.00  816.0   32.7  242.8  7.987E+04  1.946E+01  5.830E-02 8.064E-18  937.2   937  8.529E+05  3.969E-06  7.072E+04  1.503E+03  153.9  153.9    5.1    4.0    5.0    7.0    7.0    6.1   14.6
2024  9 21 265 12.00  817.0   32.7  242.8  7.862E+04  1.893E+01  5.649E-02 8.007E-18  937.2   937  8.496E+05  3.815E-06  7.065E+04  1.482E+03  153.9  153.9    5.1    4.0    5.0    7.0    7.0    6.1   14.6
2024  9 21 265 12.00  818.0   32.7  242.8  7.738E+04  1.841E+01  5.473E-02 7.951E-18  937.2   937  8.462E+05  3.668E-06  7.058E+04  1.462E+03  153.9  153.9    5.1    4.0    5.0    7.0    7.0    6.1   14.6
2024  9 21 265 12.00  819.0   32.7  242.8  7.617E+04  1.791E+01  5.303E-02 7.896E-18  937.2   937  8.429E+05  3.526E-06  7.051E+04  1.442E+03  153.9  153.9    5.1    4.0    5.0    7.0    7.0    6.1   14.6
2024  9 21 265 12.00  820.0   32.7  242.8  7.498E+04  1.742E+01  5.139E-02 7.841E-18  937.2   937  8.396E+05  3.390E-06  7.044E+04  1.422E+03  153.9  153.9    5.1    4.0    5.0    7.0    7.0    6.1   14.6
2024  9 21 265 12.00  821.0   32.7  242.8  7.381E+04  1.695E+01  4.979E-02 7.787E-18  937.2   937  8.363E+05  3.259E-06  7.037E+04  1.403E+03  153.9  153.9    5.1    4.0    5.0    7.0    7.0    6.1   14.6
2024  9 21 265 12.00  822.0   32.7  242.8  7.265E+04  1.649E+01  4.825E-02 7.733E-18  937.2   937  8.330E+05  3.133E-06  7.030E+04  1.384E+03  153.9  153.9    5.1    4.0    5.0    7.0    7.0    6.1   14.6
2024  9 21 265 12.00  823.0   32.7  242.8  7.152E+04  1.604E+01  4.675E-02 7.680E-18  937.2   937  8.297E+05  3.012E-06  7.023E+04  1.365E+03  153.9  153.9    5.1    4.0    5.0    7.0    7.0    6.1   14.6
2024  9 21 265 12.00  824.0   32.7  242.8  7.040E+04  1.560E+01  4.530E-02 7.628E-18  937.2   937  8.264E+05  2.896E-06  7.016E+04  1.346E+03  153.9  153.9    5.1    4.0    5.0    7.0    7.0    6.1   14.6
2024  9 21 265 12.00  825.0   32.7  242.8  6.930E+04  1.518E+01  4.389E-02 7.576E-18  937.2   937  8.232E+05  2.785E-06  7.010E+04  1.327E+03  153.9  153.9    5.1    4.0    5.0    7.0    7.0    6.1   14.6
2024  9 21 265 12.00  826.0   32.7  242.8  6.822E+04  1.476E+01  4.253E-02 7.525E-18  937.2   937  8.200E+05  2.677E-06  7.003E+04  1.309E+03  153.9  153.9    5.1    4.0    5.0    7.0    7.0    6.1   14.6
2024  9 21 265 12.00  827.0   32.7  242.8  6.715E+04  1.436E+01  4.121E-02 7.474E-18  937.2   937  8.167E+05  2.574E-06  6.996E+04  1.291E+03  153.9  153.9    5.1    4.0    5.0    7.0    7.0    6.1   14.6
2024  9 21 265 12.00  828.0   32.7  242.8  6.610E+04  1.397E+01  3.994E-02 7.424E-18  937.2   937  8.135E+05  2.475E-06  6.989E+04  1.274E+03  153.9  153.9    5.1    4.0    5.0    7.0    7.0    6.1   14.6
2024  9 21 265 12.00  829.0   32.7  242.8  6.507E+04  1.359E+01  3.870E-02 7.375E-18  937.2   937  8.103E+05  2.380E-06  6.982E+04  1.256E+03  153.9  153.9    5.1    4.0    5.0    7.0    7.0    6.1   14.6
2024  9 21 265 12.00  830.0   32.7  242.8  6.406E+04  1.322E+01  3.750E-02 7.326E-18  937.2   937  8.072E+05  2.288E-06  6.975E+04  1.239E+03  153.9  153.9    5.1    4.0    5.0    7.0    7.0    6.1   14.6
2024  9 21 265 12.00  831.0   32.7  242.8  6.306E+04  1.286E+01  3.634E-02 7.277E-18  937.2   937  8.040E+05  2.200E-06  6.968E+04  1.222E+03  153.9  153.9    5.1    4.0    5.0    7.0    7.0    6.1   14.6
2024  9 21 265 12.00  832.0   32.7  242.8  6.207E+04  1.252E+01  3.522E-02 7.229E-18  937.2   937  8.008E+05  2.115E-06  6.961E+04  1.205E+03  153.9  153.9    5.1    4.0    5.0    7.0    7.0    6.1   14.6
2024  9 21 265 12.00  833.0   32.7  242.8  6.111E+04  1.218E+01  3.413E-02 7.182E-18  937.2   937  7.977E+05  2.034E-06  6.955E+04  1.189E+03  153.9  153.9    5.1    4.0    5.0    7.0    7.0    6.1   14.6
2024  9 21 265 12.00  834.0   32.7  242.8  6.015E+04  1.185E+01  3.307E-02 7.135E-18  937.2   937  7.946E+05  1.956E-06  6.948E+04  1.173E+03  153.9  153.9    5.1    4.0    5.0    7.0    7.0    6.1   14.6
2024  9 21 265 12.00  835.0   32.7  242.8  5.922E+04  1.152E+01  3.205E-02 7.088E-18  937.2   937  7.915E+05  1.880E-06  6.941E+04  1.157E+03  153.9  153.9    5.1    4.0    5.0    7.0    7.0    6.1   14.6
2024  9 21 265 12.00  836.0   32.7  242.8  5.829E+04  1.121E+01  3.106E-02 7.042E-18  937.2   937  7.884E+05  1.808E-06  6.934E+04  1.141E+03  153.9  153.9    5.1    4.0    5.0    7.0    7.0    6.1   14.6
2024  9 21 265 12.00  837.0   32.7  242.8  5.738E+04  1.091E+01  3.010E-02 6.997E-18  937.2   937  7.853E+05  1.739E-06  6.927E+04  1.125E+03  153.9  153.9    5.1    4.0    5.0    7.0    7.0    6.1   14.6
2024  9 21 265 12.00  838.0   32.7  242.8  5.649E+04  1.061E+01  2.917E-02 6.952E-18  937.2   937  7.822E+05  1.672E-06  6.921E+04  1.110E+03  153.9  153.9    5.1    4.0    5.0    7.0    7.0    6.1   14.6
2024  9 21 265 12.00  839.0   32.7  242.8  5.561E+04  1.032E+01  2.827E-02 6.907E-18  937.2   937  7.791E+05  1.608E-06  6.914E+04  1.095E+03  153.9  153.9    5.1    4.0    5.0    7.0    7.0    6.1   14.6
2024  9 21 265 12.00  840.0   32.7  242.8  5.475E+04  1.004E+01  2.739E-02 6.863E-18  937.2   937  7.761E+05  1.546E-06  6.907E+04  1.080E+03  153.9  153.9    5.1    4.0    5.0    7.0    7.0    6.1   14.6
2024  9 21 265 12.00  841.0   32.7  242.8  5.389E+04  9.773E+00  2.655E-02 6.819E-18  937.2   937  7.730E+05  1.486E-06  6.900E+04  1.065E+03  153.9  153.9    5.1    4.0    5.0    7.0    7.0    6.1   14.6
2024  9 21 265 12.00  842.0   32.7  242.8  5.306E+04  9.508E+00  2.573E-02 6.776E-18  937.2   937  7.700E+05  1.429E-06  6.894E+04  1.051E+03  153.9  153.9    5.1    4.0    5.0    7.0    7.0    6.1   14.6
2024  9 21 265 12.00  843.0   32.7  242.8  5.223E+04  9.251E+00  2.494E-02 6.733E-18  937.2   937  7.670E+05  1.375E-06  6.887E+04  1.036E+03  153.9  153.9    5.1    4.0    5.0    7.0    7.0    6.1   14.6
2024  9 21 265 12.00  844.0   32.7  242.8  5.142E+04  9.000E+00  2.417E-02 6.691E-18  937.2   937  7.640E+05  1.322E-06  6.880E+04  1.022E+03  153.9  153.9    5.1    4.0    5.0    7.0    7.0    6.1   14.6
2024  9 21 265 12.00  845.0   32.7  242.8  5.062E+04  8.757E+00  2.342E-02 6.649E-18  937.2   937  7.610E+05  1.271E-06  6.873E+04  1.008E+03  153.9  153.9    5.1    4.0    5.0    7.0    7.0    6.1   14.6
2024  9 21 265 12.00  846.0   32.7  242.8  4.983E+04  8.520E+00  2.270E-02 6.607E-18  937.2   937  7.581E+05  1.222E-06  6.867E+04  9.946E+02  153.9  153.9    5.1    4.0    5.0    7.0    7.0    6.1   14.6
2024  9 21 265 12.00  847.0   32.7  242.8  4.906E+04  8.290E+00  2.200E-02 6.566E-18  937.2   937  7.551E+05  1.176E-06  6.860E+04  9.811E+02  153.9  153.9    5.1    4.0    5.0    7.0    7.0    6.1   14.6
2024  9 21 265 12.00  848.0   32.7  242.8  4.830E+04  8.066E+00  2.132E-02 6.526E-18  937.2   937  7.521E+05  1.130E-06  6.853E+04  9.677E+02  153.9  153.9    5.1    4.0    5.0    7.0    7.0    6.1   14.6
2024  9 21 265 12.00  849.0   32.7  242.8  4.755E+04  7.848E+00  2.066E-02 6.486E-18  937.2   937  7.492E+05  1.087E-06  6.846E+04  9.545E+02  153.9  153.9    5.1    4.0    5.0    7.0    7.0    6.1   14.6
2024  9 21 265 12.00  850.0   32.7  242.8  4.681E+04  7.636E+00  2.003E-02 6.446E-18  937.2   937  7.463E+05  1.046E-06  6.840E+04  9.416E+02  153.9  153.9    5.1    4.0    5.0    7.0    7.0    6.1   14.6
2024  9 21 265 12.00  851.0   32.7  242.8  4.608E+04  7.430E+00  1.941E-02 6.406E-18  937.2   937  7.434E+05  1.005E-06  6.833E+04  9.288E+02  153.9  153.9    5.1    4.0    5.0    7.0    7.0    6.1   14.6
2024  9 21 265 12.00  852.0   32.7  242.8  4.537E+04  7.229E+00  1.881E-02 6.367E-18  937.2   937  7.405E+05  9.670E-07  6.826E+04  9.161E+02  153.9  153.9    5.1    4.0    5.0    7.0    7.0    6.1   14.6
2024  9 21 265 12.00  853.0   32.7  242.8  4.467E+04  7.034E+00  1.823E-02 6.329E-18  937.2   937  7.376E+05  9.300E-07  6.820E+04  9.037E+02  153.9  153.9    5.1    4.0    5.0    7.0    7.0    6.1   14.6
2024  9 21 265 12.00  854.0   32.7  242.8  4.397E+04  6.844E+00  1.767E-02 6.290E-18  937.2   937  7.347E+05  8.944E-07  6.813E+04  8.914E+02  153.9  153.9    5.1    4.0    5.0    7.0    7.0    6.1   14.6
2024  9 21 265 12.00  855.0   32.7  242.8  4.329E+04  6.659E+00  1.713E-02 6.252E-18  937.2   937  7.318E+05  8.602E-07  6.806E+04  8.793E+02  153.9  153.9    5.1    4.0    5.0    7.0    7.0    6.1   14.6
2024  9 21 265 12.00  856.0   32.7  242.8  4.262E+04  6.480E+00  1.660E-02 6.215E-18  937.2   937  7.290E+05  8.273E-07  6.800E+04  8.674E+02  153.9  153.9    5.1    4.0    5.0    7.0    7.0    6.1   14.6
2024  9 21 265 12.00  857.0   32.7  242.8  4.196E+04  6.305E+00  1.609E-02 6.178E-18  937.2   937  7.262E+05  7.957E-07  6.793E+04  8.556E+02  153.9  153.9    5.1    4.0    5.0    7.0    7.0    6.1   14.6
2024  9 21 265 12.00  858.0   32.7  242.8  4.131E+04  6.135E+00  1.560E-02 6.141E-18  937.2   937  7.233E+05  7.653E-07  6.787E+04  8.440E+02  153.9  153.9    5.1    4.0    5.0    7.0    7.0    6.1   14.6
2024  9 21 265 12.00  859.0   32.7  242.8  4.067E+04  5.970E+00  1.512E-02 6.104E-18  937.2   937  7.205E+05  7.360E-07  6.780E+04  8.325E+02  153.9  153.9    5.1    4.0    5.0    7.0    7.0    6.1   14.6
2024  9 21 265 12.00  860.0   32.7  242.8  4.004E+04  5.809E+00  1.466E-02 6.068E-18  937.2   937  7.177E+05  7.079E-07  6.773E+04  8.212E+02  153.9  153.9    5.1    4.0    5.0    7.0    7.0    6.1   14.6
2024  9 21 265 12.00  861.0   32.7  242.8  3.942E+04  5.653E+00  1.421E-02 6.033E-18  937.2   937  7.149E+05  6.809E-07  6.767E+04  8.101E+02  153.9  153.9    5.1    4.0    5.0    7.0    7.0    6.1   14.6
2024  9 21 265 12.00  862.0   32.7  242.8  3.881E+04  5.500E+00  1.377E-02 5.997E-18  937.2   937  7.121E+05  6.549E-07  6.760E+04  7.991E+02  153.9  153.9    5.1    4.0    5.0    7.0    7.0    6.1   14.6
2024  9 21 265 12.00  863.0   32.7  242.8  3.821E+04  5.352E+00  1.335E-02 5.962E-18  937.2   937  7.094E+05  6.299E-07  6.754E+04  7.883E+02  153.9  153.9    5.1    4.0    5.0    7.0    7.0    6.1   14.6
2024  9 21 265 12.00  864.0   32.7  242.8  3.762E+04  5.208E+00  1.294E-02 5.927E-18  937.2   937  7.066E+05  6.059E-07  6.747E+04  7.776E+02  153.9  153.9    5.1    4.0    5.0    7.0    7.0    6.1   14.6
2024  9 21 265 12.00  865.0   32.7  242.8  3.704E+04  5.068E+00  1.254E-02 5.893E-18  937.2   937  7.039E+05  5.828E-07  6.740E+04  7.671E+02  153.9  153.9    5.1    4.0    5.0    7.0    7.0    6.1   14.6
2024  9 21 265 12.00  866.0   32.7  242.8  3.647E+04  4.932E+00  1.216E-02 5.859E-18  937.2   937  7.011E+05  5.605E-07  6.734E+04  7.567E+02  153.9  153.9    5.1    4.0    5.0    7.0    7.0    6.1   14.6
2024  9 21 265 12.00  867.0   32.7  242.8  3.591E+04  4.799E+00  1.178E-02 5.825E-18  937.2   937  6.984E+05  5.392E-07  6.727E+04  7.465E+02  153.9  153.9    5.1    4.0    5.0    7.0    7.0    6.1   14.6
2024  9 21 265 12.00  868.0   32.7  242.8  3.535E+04  4.670E+00  1.142E-02 5.792E-18  937.2   937  6.957E+05  5.186E-07  6.721E+04  7.364E+02  153.9  153.9    5.1    4.0    5.0    7.0    7.0    6.1   14.6
2024  9 21 265 12.00  869.0   32.7  242.8  3.481E+04  4.545E+00  1.107E-02 5.758E-18  937.2   937  6.930E+05  4.989E-07  6.714E+04  7.264E+02  153.9  153.9    5.1    4.0    5.0    7.0    7.0    6.1   14.6
2024  9 21 265 12.00  870.0   32.7  242.8  3.427E+04  4.423E+00  1.073E-02 5.726E-18  937.2   937  6.903E+05  4.799E-07  6.708E+04  7.166E+02  153.9  153.9    5.1    4.0    5.0    7.0    7.0    6.1   14.6
2024  9 21 265 12.00  871.0   32.7  242.8  3.374E+04  4.304E+00  1.040E-02 5.693E-18  937.2   937  6.876E+05  4.616E-07  6.701E+04  7.069E+02  153.9  153.9    5.1    4.0    5.0    7.0    7.0    6.1   14.6
2024  9 21 265 12.00  872.0   32.7  242.8  3.322E+04  4.188E+00  1.009E-02 5.661E-18  937.2   937  6.850E+05  4.440E-07  6.695E+04  6.973E+02  153.9  153.9    5.1    4.0    5.0    7.0    7.0    6.1   14.6
2024  9 21 265 12.00  873.0   32.7  242.8  3.271E+04  4.076E+00  9.777E-03 5.629E-18  937.2   937  6.823E+05  4.271E-07  6.688E+04  6.879E+02  153.9  153.9    5.1    4.0    5.0    7.0    7.0    6.1   14.6
2024  9 21 265 12.00  874.0   32.7  242.8  3.220E+04  3.967E+00  9.478E-03 5.597E-18  937.2   937  6.797E+05  4.109E-07  6.682E+04  6.786E+02  153.9  153.9    5.1    4.0    5.0    7.0    7.0    6.1   14.6
2024  9 21 265 12.00  875.0   32.7  242.8  3.171E+04  3.860E+00  9.188E-03 5.566E-18  937.2   937  6.770E+05  3.952E-07  6.675E+04  6.695E+02  153.9  153.9    5.1    4.0    5.0    7.0    7.0    6.1   14.6
2024  9 21 265 12.00  876.0   32.7  242.8  3.122E+04  3.757E+00  8.907E-03 5.535E-18  937.2   937  6.744E+05  3.802E-07  6.669E+04  6.604E+02  153.9  153.9    5.1    4.0    5.0    7.0    7.0    6.1   14.6
2024  9 21 265 12.00  877.0   32.7  242.8  3.074E+04  3.656E+00  8.635E-03 5.504E-18  937.2   937  6.718E+05  3.658E-07  6.662E+04  6.515E+02  153.9  153.9    5.1    4.0    5.0    7.0    7.0    6.1   14.6
2024  9 21 265 12.00  878.0   32.7  242.8  3.026E+04  3.558E+00  8.371E-03 5.473E-18  937.2   937  6.692E+05  3.518E-07  6.656E+04  6.427E+02  153.9  153.9    5.1    4.0    5.0    7.0    7.0    6.1   14.6
2024  9 21 265 12.00  879.0   32.7  242.8  2.980E+04  3.462E+00  8.115E-03 5.443E-18  937.2   937  6.666E+05  3.385E-07  6.649E+04  6.340E+02  153.9  153.9    5.1    4.0    5.0    7.0    7.0    6.1   14.6
2024  9 21 265 12.00  880.0   32.7  242.8  2.934E+04  3.370E+00  7.867E-03 5.413E-18  937.2   937  6.640E+05  3.256E-07  6.643E+04  6.255E+02  153.9  153.9    5.1    4.0    5.0    7.0    7.0    6.1   14.6
2024  9 21 265 12.00  881.0   32.7  242.8  2.889E+04  3.279E+00  7.627E-03 5.383E-18  937.2   937  6.614E+05  3.133E-07  6.636E+04  6.171E+02  153.9  153.9    5.1    4.0    5.0    7.0    7.0    6.1   14.6
2024  9 21 265 12.00  882.0   32.7  242.8  2.844E+04  3.192E+00  7.394E-03 5.354E-18  937.2   937  6.589E+05  3.014E-07  6.630E+04  6.087E+02  153.9  153.9    5.1    4.0    5.0    7.0    7.0    6.1   14.6
2024  9 21 265 12.00  883.0   32.7  242.8  2.801E+04  3.106E+00  7.169E-03 5.325E-18  937.2   937  6.563E+05  2.899E-07  6.624E+04  6.005E+02  153.9  153.9    5.1    4.0    5.0    7.0    7.0    6.1   14.6
2024  9 21 265 12.00  884.0   32.7  242.8  2.758E+04  3.023E+00  6.950E-03 5.296E-18  937.2   937  6.538E+05  2.789E-07  6.617E+04  5.924E+02  153.9  153.9    5.1    4.0    5.0    7.0    7.0    6.1   14.6
2024  9 21 265 12.00  885.0   32.7  242.8  2.715E+04  2.942E+00  6.738E-03 5.267E-18  937.2   937  6.513E+05  2.683E-07  6.611E+04  5.845E+02  153.9  153.9    5.1    4.0    5.0    7.0    7.0    6.1   14.6
2024  9 21 265 12.00  886.0   32.7  242.8  2.673E+04  2.863E+00  6.532E-03 5.239E-18  937.2   937  6.488E+05  2.582E-07  6.604E+04  5.766E+02  153.9  153.9    5.1    4.0    5.0    7.0    7.0    6.1   14.6
2024  9 21 265 12.00  887.0   32.7  242.8  2.632E+04  2.787E+00  6.333E-03 5.211E-18  937.2   937  6.463E+05  2.484E-07  6.598E+04  5.688E+02  153.9  153.9    5.1    4.0    5.0    7.0    7.0    6.1   14.6
2024  9 21 265 12.00  888.0   32.7  242.8  2.592E+04  2.712E+00  6.140E-03 5.183E-18  937.2   937  6.438E+05  2.390E-07  6.592E+04  5.612E+02  153.9  153.9    5.1    4.0    5.0    7.0    7.0    6.1   14.6
2024  9 21 265 12.00  889.0   32.7  242.8  2.552E+04  2.640E+00  5.953E-03 5.155E-18  937.2   937  6.413E+05  2.299E-07  6.585E+04  5.536E+02  153.9  153.9    5.1    4.0    5.0    7.0    7.0    6.1   14.6
2024  9 21 265 12.00  890.0   32.7  242.8  2.513E+04  2.569E+00  5.772E-03 5.127E-18  937.2   937  6.388E+05  2.212E-07  6.579E+04  5.462E+02  153.9  153.9    5.1    4.0    5.0    7.0    7.0    6.1   14.6
2024  9 21 265 12.00  891.0   32.7  242.8  2.474E+04  2.501E+00  5.596E-03 5.100E-18  937.2   937  6.363E+05  2.128E-07  6.573E+04  5.388E+02  153.9  153.9    5.1    4.0    5.0    7.0    7.0    6.1   14.6
2024  9 21 265 12.00  892.0   32.7  242.8  2.436E+04  2.434E+00  5.426E-03 5.073E-18  937.2   937  6.339E+05  2.048E-07  6.566E+04  5.316E+02  153.9  153.9    5.1    4.0    5.0    7.0    7.0    6.1   14.6
2024  9 21 265 12.00  893.0   32.7  242.8  2.399E+04  2.369E+00  5.260E-03 5.046E-18  937.2   937  6.314E+05  1.970E-07  6.560E+04  5.244E+02  153.9  153.9    5.1    4.0    5.0    7.0    7.0    6.1   14.6
2024  9 21 265 12.00  894.0   32.7  242.8  2.362E+04  2.306E+00  5.100E-03 5.020E-18  937.2   937  6.290E+05  1.896E-07  6.554E+04  5.174E+02  153.9  153.9    5.1    4.0    5.0    7.0    7.0    6.1   14.6
2024  9 21 265 12.00  895.0   32.7  242.8  2.326E+04  2.244E+00  4.945E-03 4.994E-18  937.2   937  6.266E+05  1.824E-07  6.547E+04  5.105E+02  153.9  153.9    5.1    4.0    5.0    7.0    7.0    6.1   14.6
2024  9 21 265 12.00  896.0   32.7  242.8  2.290E+04  2.184E+00  4.795E-03 4.967E-18  937.2   937  6.242E+05  1.755E-07  6.541E+04  5.036E+02  153.9  153.9    5.1    4.0    5.0    7.0    7.0    6.1   14.6
2024  9 21 265 12.00  897.0   32.7  242.8  2.255E+04  2.126E+00  4.649E-03 4.942E-18  937.2   937  6.218E+05  1.688E-07  6.535E+04  4.968E+02  153.9  153.9    5.1    4.0    5.0    7.0    7.0    6.1   14.6
2024  9 21 265 12.00  898.0   32.7  242.8  2.221E+04  2.069E+00  4.508E-03 4.916E-18  937.2   937  6.194E+05  1.625E-07  6.528E+04  4.902E+02  153.9  153.9    5.1    4.0    5.0    7.0    7.0    6.1   14.6
2024  9 21 265 12.00  899.0   32.7  242.8  2.187E+04  2.014E+00  4.371E-03 4.890E-18  937.2   937  6.170E+05  1.563E-07  6.522E+04  4.836E+02  153.9  153.9    5.1    4.0    5.0    7.0    7.0    6.1   14.6