Since the F10.7 (3-month avg) of the requested date is not yet available, the value of F10.7 (daily) is used instead as the value of F10.7 (3-monthavg).
Year Mon Day DOY hour Heit(km) Lat  Lon Oden(cm-3) N2den(cm-3) O2den(cm-3) air(gm/cm3) T(K) exoT(K) Heden(cm-3)Arden(cm-3) Hden(cm-3) Nden(cm-3) F107 F107a apdaily  ap0-3 ap3-6 ap6-9 ap9-12 ap12-33 ap33-59
2024  9 21 265 12.00  900.0   32.7  242.8  2.153E+04  1.961E+00  4.238E-03 4.865E-18  937.2   937  6.146E+05  1.504E-07  6.516E+04  4.771E+02  153.9  153.9    5.1    4.0    5.0    7.0    7.0    6.1   14.6
2024  9 21 265 12.00  901.0   32.7  242.8  2.120E+04  1.908E+00  4.109E-03 4.840E-18  937.2   937  6.122E+05  1.447E-07  6.509E+04  4.707E+02  153.9  153.9    5.1    4.0    5.0    7.0    7.0    6.1   14.6
2024  9 21 265 12.00  902.0   32.7  242.8  2.088E+04  1.858E+00  3.985E-03 4.815E-18  937.2   937  6.099E+05  1.393E-07  6.503E+04  4.644E+02  153.9  153.9    5.1    4.0    5.0    7.0    7.0    6.1   14.6
2024  9 21 265 12.00  903.0   32.7  242.8  2.056E+04  1.808E+00  3.864E-03 4.791E-18  937.2   937  6.075E+05  1.340E-07  6.497E+04  4.582E+02  153.9  153.9    5.1    4.0    5.0    7.0    7.0    6.1   14.6
2024  9 21 265 12.00  904.0   32.7  242.8  2.025E+04  1.760E+00  3.746E-03 4.766E-18  937.2   937  6.052E+05  1.290E-07  6.491E+04  4.520E+02  153.9  153.9    5.1    4.0    5.0    7.0    7.0    6.1   14.6
2024  9 21 265 12.00  905.0   32.7  242.8  1.994E+04  1.713E+00  3.633E-03 4.742E-18  937.2   937  6.029E+05  1.241E-07  6.484E+04  4.460E+02  153.9  153.9    5.1    4.0    5.0    7.0    7.0    6.1   14.6
2024  9 21 265 12.00  906.0   32.7  242.8  1.963E+04  1.668E+00  3.523E-03 4.718E-18  937.2   937  6.006E+05  1.194E-07  6.478E+04  4.400E+02  153.9  153.9    5.1    4.0    5.0    7.0    7.0    6.1   14.6
2024  9 21 265 12.00  907.0   32.7  242.8  1.933E+04  1.623E+00  3.416E-03 4.694E-18  937.2   937  5.983E+05  1.149E-07  6.472E+04  4.341E+02  153.9  153.9    5.1    4.0    5.0    7.0    7.0    6.1   14.6
2024  9 21 265 12.00  908.0   32.7  242.8  1.904E+04  1.580E+00  3.312E-03 4.670E-18  937.2   937  5.960E+05  1.106E-07  6.466E+04  4.283E+02  153.9  153.9    5.1    4.0    5.0    7.0    7.0    6.1   14.6
2024  9 21 265 12.00  909.0   32.7  242.8  1.875E+04  1.538E+00  3.212E-03 4.647E-18  937.2   937  5.937E+05  1.064E-07  6.460E+04  4.226E+02  153.9  153.9    5.1    4.0    5.0    7.0    7.0    6.1   14.6
2024  9 21 265 12.00  910.0   32.7  242.8  1.846E+04  1.497E+00  3.114E-03 4.624E-18  937.2   937  5.914E+05  1.024E-07  6.453E+04  4.169E+02  153.9  153.9    5.1    4.0    5.0    7.0    7.0    6.1   14.6
2024  9 21 265 12.00  911.0   32.7  242.8  1.818E+04  1.457E+00  3.020E-03 4.601E-18  937.2   937  5.891E+05  9.854E-08  6.447E+04  4.114E+02  153.9  153.9    5.1    4.0    5.0    7.0    7.0    6.1   14.6
2024  9 21 265 12.00  912.0   32.7  242.8  1.790E+04  1.419E+00  2.929E-03 4.578E-18  937.2   937  5.869E+05  9.483E-08  6.441E+04  4.059E+02  153.9  153.9    5.1    4.0    5.0    7.0    7.0    6.1   14.6
2024  9 21 265 12.00  913.0   32.7  242.8  1.763E+04  1.381E+00  2.840E-03 4.555E-18  937.2   937  5.846E+05  9.126E-08  6.435E+04  4.004E+02  153.9  153.9    5.1    4.0    5.0    7.0    7.0    6.1   14.6
2024  9 21 265 12.00  914.0   32.7  242.8  1.736E+04  1.344E+00  2.754E-03 4.532E-18  937.2   937  5.824E+05  8.783E-08  6.429E+04  3.951E+02  153.9  153.9    5.1    4.0    5.0    7.0    7.0    6.1   14.6
2024  9 21 265 12.00  915.0   32.7  242.8  1.709E+04  1.309E+00  2.671E-03 4.510E-18  937.2   937  5.801E+05  8.452E-08  6.422E+04  3.898E+02  153.9  153.9    5.1    4.0    5.0    7.0    7.0    6.1   14.6
2024  9 21 265 12.00  916.0   32.7  242.8  1.683E+04  1.274E+00  2.590E-03 4.488E-18  937.2   937  5.779E+05  8.134E-08  6.416E+04  3.846E+02  153.9  153.9    5.1    4.0    5.0    7.0    7.0    6.1   14.6
2024  9 21 265 12.00  917.0   32.7  242.8  1.658E+04  1.240E+00  2.512E-03 4.466E-18  937.2   937  5.757E+05  7.828E-08  6.410E+04  3.795E+02  153.9  153.9    5.1    4.0    5.0    7.0    7.0    6.1   14.6
2024  9 21 265 12.00  918.0   32.7  242.8  1.632E+04  1.207E+00  2.436E-03 4.444E-18  937.2   937  5.735E+05  7.534E-08  6.404E+04  3.744E+02  153.9  153.9    5.1    4.0    5.0    7.0    7.0    6.1   14.6
2024  9 21 265 12.00  919.0   32.7  242.8  1.608E+04  1.175E+00  2.362E-03 4.422E-18  937.2   937  5.713E+05  7.251E-08  6.398E+04  3.694E+02  153.9  153.9    5.1    4.0    5.0    7.0    7.0    6.1   14.6
2024  9 21 265 12.00  920.0   32.7  242.8  1.583E+04  1.144E+00  2.291E-03 4.401E-18  937.2   937  5.691E+05  6.978E-08  6.392E+04  3.645E+02  153.9  153.9    5.1    4.0    5.0    7.0    7.0    6.1   14.6
2024  9 21 265 12.00  921.0   32.7  242.8  1.559E+04  1.114E+00  2.222E-03 4.379E-18  937.2   937  5.669E+05  6.716E-08  6.386E+04  3.596E+02  153.9  153.9    5.1    4.0    5.0    7.0    7.0    6.1   14.6
2024  9 21 265 12.00  922.0   32.7  242.8  1.535E+04  1.084E+00  2.154E-03 4.358E-18  937.2   937  5.648E+05  6.464E-08  6.379E+04  3.548E+02  153.9  153.9    5.1    4.0    5.0    7.0    7.0    6.1   14.6
2024  9 21 265 12.00  923.0   32.7  242.8  1.512E+04  1.056E+00  2.089E-03 4.337E-18  937.2   937  5.626E+05  6.221E-08  6.373E+04  3.501E+02  153.9  153.9    5.1    4.0    5.0    7.0    7.0    6.1   14.6
2024  9 21 265 12.00  924.0   32.7  242.8  1.489E+04  1.028E+00  2.026E-03 4.316E-18  937.2   937  5.604E+05  5.988E-08  6.367E+04  3.454E+02  153.9  153.9    5.1    4.0    5.0    7.0    7.0    6.1   14.6
2024  9 21 265 12.00  925.0   32.7  242.8  1.466E+04  1.000E+00  1.965E-03 4.295E-18  937.2   937  5.583E+05  5.763E-08  6.361E+04  3.408E+02  153.9  153.9    5.1    4.0    5.0    7.0    7.0    6.1   14.6
2024  9 21 265 12.00  926.0   32.7  242.8  1.444E+04  9.740E-01  1.906E-03 4.275E-18  937.2   937  5.562E+05  5.547E-08  6.355E+04  3.363E+02  153.9  153.9    5.1    4.0    5.0    7.0    7.0    6.1   14.6
2024  9 21 265 12.00  927.0   32.7  242.8  1.422E+04  9.482E-01  1.848E-03 4.254E-18  937.2   937  5.540E+05  5.339E-08  6.349E+04  3.318E+02  153.9  153.9    5.1    4.0    5.0    7.0    7.0    6.1   14.6
2024  9 21 265 12.00  928.0   32.7  242.8  1.401E+04  9.232E-01  1.793E-03 4.234E-18  937.2   937  5.519E+05  5.139E-08  6.343E+04  3.274E+02  153.9  153.9    5.1    4.0    5.0    7.0    7.0    6.1   14.6
2024  9 21 265 12.00  929.0   32.7  242.8  1.379E+04  8.988E-01  1.739E-03 4.214E-18  937.2   937  5.498E+05  4.946E-08  6.337E+04  3.230E+02  153.9  153.9    5.1    4.0    5.0    7.0    7.0    6.1   14.6
2024  9 21 265 12.00  930.0   32.7  242.8  1.358E+04  8.750E-01  1.686E-03 4.194E-18  937.2   937  5.477E+05  4.761E-08  6.331E+04  3.187E+02  153.9  153.9    5.1    4.0    5.0    7.0    7.0    6.1   14.6
2024  9 21 265 12.00  931.0   32.7  242.8  1.338E+04  8.519E-01  1.636E-03 4.174E-18  937.2   937  5.456E+05  4.582E-08  6.325E+04  3.145E+02  153.9  153.9    5.1    4.0    5.0    7.0    7.0    6.1   14.6
2024  9 21 265 12.00  932.0   32.7  242.8  1.317E+04  8.294E-01  1.586E-03 4.154E-18  937.2   937  5.436E+05  4.411E-08  6.319E+04  3.103E+02  153.9  153.9    5.1    4.0    5.0    7.0    7.0    6.1   14.6
2024  9 21 265 12.00  933.0   32.7  242.8  1.297E+04  8.075E-01  1.538E-03 4.135E-18  937.2   937  5.415E+05  4.245E-08  6.313E+04  3.062E+02  153.9  153.9    5.1    4.0    5.0    7.0    7.0    6.1   14.6
2024  9 21 265 12.00  934.0   32.7  242.8  1.278E+04  7.862E-01  1.492E-03 4.115E-18  937.2   937  5.394E+05  4.086E-08  6.307E+04  3.021E+02  153.9  153.9    5.1    4.0    5.0    7.0    7.0    6.1   14.6
2024  9 21 265 12.00  935.0   32.7  242.8  1.258E+04  7.654E-01  1.447E-03 4.096E-18  937.2   937  5.374E+05  3.934E-08  6.301E+04  2.981E+02  153.9  153.9    5.1    4.0    5.0    7.0    7.0    6.1   14.6
2024  9 21 265 12.00  936.0   32.7  242.8  1.239E+04  7.452E-01  1.404E-03 4.077E-18  937.2   937  5.353E+05  3.786E-08  6.295E+04  2.941E+02  153.9  153.9    5.1    4.0    5.0    7.0    7.0    6.1   14.6
2024  9 21 265 12.00  937.0   32.7  242.8  1.221E+04  7.256E-01  1.362E-03 4.058E-18  937.2   937  5.333E+05  3.645E-08  6.289E+04  2.902E+02  153.9  153.9    5.1    4.0    5.0    7.0    7.0    6.1   14.6
2024  9 21 265 12.00  938.0   32.7  242.8  1.202E+04  7.064E-01  1.321E-03 4.039E-18  937.2   937  5.312E+05  3.508E-08  6.283E+04  2.864E+02  153.9  153.9    5.1    4.0    5.0    7.0    7.0    6.1   14.6
2024  9 21 265 12.00  939.0   32.7  242.8  1.184E+04  6.878E-01  1.281E-03 4.020E-18  937.2   937  5.292E+05  3.377E-08  6.277E+04  2.826E+02  153.9  153.9    5.1    4.0    5.0    7.0    7.0    6.1   14.6
2024  9 21 265 12.00  940.0   32.7  242.8  1.166E+04  6.697E-01  1.242E-03 4.002E-18  937.2   937  5.272E+05  3.251E-08  6.271E+04  2.788E+02  153.9  153.9    5.1    4.0    5.0    7.0    7.0    6.1   14.6
2024  9 21 265 12.00  941.0   32.7  242.8  1.148E+04  6.520E-01  1.205E-03 3.983E-18  937.2   937  5.252E+05  3.130E-08  6.265E+04  2.751E+02  153.9  153.9    5.1    4.0    5.0    7.0    7.0    6.1   14.6
2024  9 21 265 12.00  942.0   32.7  242.8  1.131E+04  6.348E-01  1.169E-03 3.965E-18  937.2   937  5.232E+05  3.013E-08  6.259E+04  2.715E+02  153.9  153.9    5.1    4.0    5.0    7.0    7.0    6.1   14.6
2024  9 21 265 12.00  943.0   32.7  242.8  1.114E+04  6.181E-01  1.134E-03 3.946E-18  937.2   937  5.212E+05  2.900E-08  6.253E+04  2.679E+02  153.9  153.9    5.1    4.0    5.0    7.0    7.0    6.1   14.6
2024  9 21 265 12.00  944.0   32.7  242.8  1.097E+04  6.019E-01  1.100E-03 3.928E-18  937.2   937  5.192E+05  2.792E-08  6.247E+04  2.643E+02  153.9  153.9    5.1    4.0    5.0    7.0    7.0    6.1   14.6
2024  9 21 265 12.00  945.0   32.7  242.8  1.080E+04  5.860E-01  1.067E-03 3.910E-18  937.2   937  5.173E+05  2.688E-08  6.241E+04  2.608E+02  153.9  153.9    5.1    4.0    5.0    7.0    7.0    6.1   14.6
2024  9 21 265 12.00  946.0   32.7  242.8  1.064E+04  5.706E-01  1.035E-03 3.893E-18  937.2   937  5.153E+05  2.587E-08  6.235E+04  2.574E+02  153.9  153.9    5.1    4.0    5.0    7.0    7.0    6.1   14.6
2024  9 21 265 12.00  947.0   32.7  242.8  1.048E+04  5.556E-01  1.004E-03 3.875E-18  937.2   937  5.133E+05  2.491E-08  6.229E+04  2.540E+02  153.9  153.9    5.1    4.0    5.0    7.0    7.0    6.1   14.6
2024  9 21 265 12.00  948.0   32.7  242.8  1.032E+04  5.410E-01  9.736E-04 3.857E-18  937.2   937  5.114E+05  2.398E-08  6.223E+04  2.506E+02  153.9  153.9    5.1    4.0    5.0    7.0    7.0    6.1   14.6
2024  9 21 265 12.00  949.0   32.7  242.8  1.017E+04  5.267E-01  9.444E-04 3.840E-18  937.2   937  5.094E+05  2.309E-08  6.217E+04  2.473E+02  153.9  153.9    5.1    4.0    5.0    7.0    7.0    6.1   14.6
2024  9 21 265 12.00  950.0   32.7  242.8  1.001E+04  5.129E-01  9.161E-04 3.822E-18  937.2   937  5.075E+05  2.223E-08  6.211E+04  2.440E+02  153.9  153.9    5.1    4.0    5.0    7.0    7.0    6.1   14.6
2024  9 21 265 12.00  951.0   32.7  242.8  9.861E+03  4.994E-01  8.887E-04 3.805E-18  937.2   937  5.056E+05  2.140E-08  6.205E+04  2.408E+02  153.9  153.9    5.1    4.0    5.0    7.0    7.0    6.1   14.6
2024  9 21 265 12.00  952.0   32.7  242.8  9.712E+03  4.863E-01  8.621E-04 3.788E-18  937.2   937  5.037E+05  2.060E-08  6.199E+04  2.376E+02  153.9  153.9    5.1    4.0    5.0    7.0    7.0    6.1   14.6
2024  9 21 265 12.00  953.0   32.7  242.8  9.565E+03  4.735E-01  8.362E-04 3.771E-18  937.2   937  5.017E+05  1.983E-08  6.194E+04  2.345E+02  153.9  153.9    5.1    4.0    5.0    7.0    7.0    6.1   14.6
2024  9 21 265 12.00  954.0   32.7  242.8  9.421E+03  4.611E-01  8.112E-04 3.754E-18  937.2   937  4.998E+05  1.909E-08  6.188E+04  2.314E+02  153.9  153.9    5.1    4.0    5.0    7.0    7.0    6.1   14.6
2024  9 21 265 12.00  955.0   32.7  242.8  9.279E+03  4.490E-01  7.869E-04 3.737E-18  937.2   937  4.980E+05  1.838E-08  6.182E+04  2.283E+02  153.9  153.9    5.1    4.0    5.0    7.0    7.0    6.1   14.6
2024  9 21 265 12.00  956.0   32.7  242.8  9.139E+03  4.372E-01  7.634E-04 3.721E-18  937.2   937  4.961E+05  1.770E-08  6.176E+04  2.253E+02  153.9  153.9    5.1    4.0    5.0    7.0    7.0    6.1   14.6
2024  9 21 265 12.00  957.0   32.7  242.8  9.001E+03  4.257E-01  7.405E-04 3.704E-18  937.2   937  4.942E+05  1.704E-08  6.170E+04  2.223E+02  153.9  153.9    5.1    4.0    5.0    7.0    7.0    6.1   14.6
2024  9 21 265 12.00  958.0   32.7  242.8  8.866E+03  4.146E-01  7.184E-04 3.687E-18  937.2   937  4.923E+05  1.641E-08  6.164E+04  2.194E+02  153.9  153.9    5.1    4.0    5.0    7.0    7.0    6.1   14.6
2024  9 21 265 12.00  959.0   32.7  242.8  8.732E+03  4.037E-01  6.969E-04 3.671E-18  937.2   937  4.904E+05  1.580E-08  6.158E+04  2.165E+02  153.9  153.9    5.1    4.0    5.0    7.0    7.0    6.1   14.6
2024  9 21 265 12.00  960.0   32.7  242.8  8.601E+03  3.931E-01  6.761E-04 3.655E-18  937.2   937  4.886E+05  1.521E-08  6.152E+04  2.136E+02  153.9  153.9    5.1    4.0    5.0    7.0    7.0    6.1   14.6
2024  9 21 265 12.00  961.0   32.7  242.8  8.471E+03  3.828E-01  6.559E-04 3.639E-18  937.2   937  4.867E+05  1.464E-08  6.147E+04  2.108E+02  153.9  153.9    5.1    4.0    5.0    7.0    7.0    6.1   14.6
2024  9 21 265 12.00  962.0   32.7  242.8  8.344E+03  3.728E-01  6.363E-04 3.623E-18  937.2   937  4.849E+05  1.410E-08  6.141E+04  2.080E+02  153.9  153.9    5.1    4.0    5.0    7.0    7.0    6.1   14.6
2024  9 21 265 12.00  963.0   32.7  242.8  8.218E+03  3.630E-01  6.173E-04 3.607E-18  937.2   937  4.831E+05  1.358E-08  6.135E+04  2.053E+02  153.9  153.9    5.1    4.0    5.0    7.0    7.0    6.1   14.6
2024  9 21 265 12.00  964.0   32.7  242.8  8.095E+03  3.535E-01  5.989E-04 3.591E-18  937.2   937  4.812E+05  1.307E-08  6.129E+04  2.026E+02  153.9  153.9    5.1    4.0    5.0    7.0    7.0    6.1   14.6
2024  9 21 265 12.00  965.0   32.7  242.8  7.973E+03  3.443E-01  5.810E-04 3.575E-18  937.2   937  4.794E+05  1.259E-08  6.123E+04  1.999E+02  153.9  153.9    5.1    4.0    5.0    7.0    7.0    6.1   14.6
2024  9 21 265 12.00  966.0   32.7  242.8  7.853E+03  3.352E-01  5.637E-04 3.560E-18  937.2   937  4.776E+05  1.212E-08  6.118E+04  1.973E+02  153.9  153.9    5.1    4.0    5.0    7.0    7.0    6.1   14.6
2024  9 21 265 12.00  967.0   32.7  242.8  7.735E+03  3.265E-01  5.468E-04 3.544E-18  937.2   937  4.758E+05  1.167E-08  6.112E+04  1.947E+02  153.9  153.9    5.1    4.0    5.0    7.0    7.0    6.1   14.6
2024  9 21 265 12.00  968.0   32.7  242.8  7.619E+03  3.179E-01  5.305E-04 3.529E-18  937.2   937  4.740E+05  1.124E-08  6.106E+04  1.921E+02  153.9  153.9    5.1    4.0    5.0    7.0    7.0    6.1   14.6
2024  9 21 265 12.00  969.0   32.7  242.8  7.504E+03  3.096E-01  5.147E-04 3.513E-18  937.2   937  4.722E+05  1.082E-08  6.100E+04  1.896E+02  153.9  153.9    5.1    4.0    5.0    7.0    7.0    6.1   14.6
2024  9 21 265 12.00  970.0   32.7  242.8  7.392E+03  3.015E-01  4.994E-04 3.498E-18  937.2   937  4.704E+05  1.042E-08  6.095E+04  1.871E+02  153.9  153.9    5.1    4.0    5.0    7.0    7.0    6.1   14.6
2024  9 21 265 12.00  971.0   32.7  242.8  7.281E+03  2.936E-01  4.845E-04 3.483E-18  937.2   937  4.687E+05  1.003E-08  6.089E+04  1.846E+02  153.9  153.9    5.1    4.0    5.0    7.0    7.0    6.1   14.6
2024  9 21 265 12.00  972.0   32.7  242.8  7.171E+03  2.860E-01  4.701E-04 3.468E-18  937.2   937  4.669E+05  9.661E-09  6.083E+04  1.822E+02  153.9  153.9    5.1    4.0    5.0    7.0    7.0    6.1   14.6
2024  9 21 265 12.00  973.0   32.7  242.8  7.064E+03  2.785E-01  4.561E-04 3.453E-18  937.2   937  4.651E+05  9.304E-09  6.077E+04  1.798E+02  153.9  153.9    5.1    4.0    5.0    7.0    7.0    6.1   14.6
2024  9 21 265 12.00  974.0   32.7  242.8  6.958E+03  2.712E-01  4.425E-04 3.438E-18  937.2   937  4.634E+05  8.959E-09  6.072E+04  1.775E+02  153.9  153.9    5.1    4.0    5.0    7.0    7.0    6.1   14.6
2024  9 21 265 12.00  975.0   32.7  242.8  6.853E+03  2.641E-01  4.293E-04 3.423E-18  937.2   937  4.616E+05  8.627E-09  6.066E+04  1.751E+02  153.9  153.9    5.1    4.0    5.0    7.0    7.0    6.1   14.6
2024  9 21 265 12.00  976.0   32.7  242.8  6.751E+03  2.572E-01  4.165E-04 3.409E-18  937.2   937  4.599E+05  8.308E-09  6.060E+04  1.728E+02  153.9  153.9    5.1    4.0    5.0    7.0    7.0    6.1   14.6
2024  9 21 265 12.00  977.0   32.7  242.8  6.650E+03  2.505E-01  4.041E-04 3.394E-18  937.2   937  4.582E+05  8.001E-09  6.054E+04  1.706E+02  153.9  153.9    5.1    4.0    5.0    7.0    7.0    6.1   14.6
2024  9 21 265 12.00  978.0   32.7  242.8  6.550E+03  2.440E-01  3.921E-04 3.379E-18  937.2   937  4.564E+05  7.705E-09  6.049E+04  1.683E+02  153.9  153.9    5.1    4.0    5.0    7.0    7.0    6.1   14.6
2024  9 21 265 12.00  979.0   32.7  242.8  6.452E+03  2.376E-01  3.805E-04 3.365E-18  937.2   937  4.547E+05  7.420E-09  6.043E+04  1.661E+02  153.9  153.9    5.1    4.0    5.0    7.0    7.0    6.1   14.6
2024  9 21 265 12.00  980.0   32.7  242.8  6.355E+03  2.314E-01  3.691E-04 3.351E-18  937.2   937  4.530E+05  7.145E-09  6.037E+04  1.639E+02  153.9  153.9    5.1    4.0    5.0    7.0    7.0    6.1   14.6
2024  9 21 265 12.00  981.0   32.7  242.8  6.260E+03  2.254E-01  3.582E-04 3.336E-18  937.2   937  4.513E+05  6.881E-09  6.032E+04  1.618E+02  153.9  153.9    5.1    4.0    5.0    7.0    7.0    6.1   14.6
2024  9 21 265 12.00  982.0   32.7  242.8  6.166E+03  2.195E-01  3.475E-04 3.322E-18  937.2   937  4.496E+05  6.627E-09  6.026E+04  1.597E+02  153.9  153.9    5.1    4.0    5.0    7.0    7.0    6.1   14.6
2024  9 21 265 12.00  983.0   32.7  242.8  6.074E+03  2.138E-01  3.372E-04 3.308E-18  937.2   937  4.479E+05  6.382E-09  6.020E+04  1.576E+02  153.9  153.9    5.1    4.0    5.0    7.0    7.0    6.1   14.6
2024  9 21 265 12.00  984.0   32.7  242.8  5.983E+03  2.082E-01  3.272E-04 3.294E-18  937.2   937  4.462E+05  6.146E-09  6.015E+04  1.555E+02  153.9  153.9    5.1    4.0    5.0    7.0    7.0    6.1   14.6
2024  9 21 265 12.00  985.0   32.7  242.8  5.894E+03  2.028E-01  3.175E-04 3.280E-18  937.2   937  4.445E+05  5.919E-09  6.009E+04  1.535E+02  153.9  153.9    5.1    4.0    5.0    7.0    7.0    6.1   14.6
2024  9 21 265 12.00  986.0   32.7  242.8  5.806E+03  1.975E-01  3.081E-04 3.267E-18  937.2   937  4.429E+05  5.701E-09  6.003E+04  1.514E+02  153.9  153.9    5.1    4.0    5.0    7.0    7.0    6.1   14.6
2024  9 21 265 12.00  987.0   32.7  242.8  5.719E+03  1.924E-01  2.989E-04 3.253E-18  937.2   937  4.412E+05  5.490E-09  5.998E+04  1.495E+02  153.9  153.9    5.1    4.0    5.0    7.0    7.0    6.1   14.6
2024  9 21 265 12.00  988.0   32.7  242.8  5.633E+03  1.874E-01  2.900E-04 3.239E-18  937.2   937  4.395E+05  5.288E-09  5.992E+04  1.475E+02  153.9  153.9    5.1    4.0    5.0    7.0    7.0    6.1   14.6
2024  9 21 265 12.00  989.0   32.7  242.8  5.549E+03  1.825E-01  2.814E-04 3.226E-18  937.2   937  4.379E+05  5.093E-09  5.986E+04  1.456E+02  153.9  153.9    5.1    4.0    5.0    7.0    7.0    6.1   14.6
2024  9 21 265 12.00  990.0   32.7  242.8  5.466E+03  1.778E-01  2.731E-04 3.212E-18  937.2   937  4.362E+05  4.905E-09  5.981E+04  1.437E+02  153.9  153.9    5.1    4.0    5.0    7.0    7.0    6.1   14.6
2024  9 21 265 12.00  991.0   32.7  242.8  5.385E+03  1.732E-01  2.650E-04 3.199E-18  937.2   937  4.346E+05  4.724E-09  5.975E+04  1.418E+02  153.9  153.9    5.1    4.0    5.0    7.0    7.0    6.1   14.6
2024  9 21 265 12.00  992.0   32.7  242.8  5.304E+03  1.687E-01  2.572E-04 3.185E-18  937.2   937  4.330E+05  4.550E-09  5.969E+04  1.399E+02  153.9  153.9    5.1    4.0    5.0    7.0    7.0    6.1   14.6
2024  9 21 265 12.00  993.0   32.7  242.8  5.225E+03  1.643E-01  2.495E-04 3.172E-18  937.2   937  4.314E+05  4.382E-09  5.964E+04  1.381E+02  153.9  153.9    5.1    4.0    5.0    7.0    7.0    6.1   14.6
2024  9 21 265 12.00  994.0   32.7  242.8  5.147E+03  1.600E-01  2.421E-04 3.159E-18  937.2   937  4.297E+05  4.221E-09  5.958E+04  1.363E+02  153.9  153.9    5.1    4.0    5.0    7.0    7.0    6.1   14.6
2024  9 21 265 12.00  995.0   32.7  242.8  5.070E+03  1.558E-01  2.350E-04 3.146E-18  937.2   937  4.281E+05  4.066E-09  5.953E+04  1.345E+02  153.9  153.9    5.1    4.0    5.0    7.0    7.0    6.1   14.6
2024  9 21 265 12.00  996.0   32.7  242.8  4.995E+03  1.518E-01  2.280E-04 3.133E-18  937.2   937  4.265E+05  3.916E-09  5.947E+04  1.328E+02  153.9  153.9    5.1    4.0    5.0    7.0    7.0    6.1   14.6
2024  9 21 265 12.00  997.0   32.7  242.8  4.920E+03  1.479E-01  2.213E-04 3.120E-18  937.2   937  4.249E+05  3.772E-09  5.941E+04  1.310E+02  153.9  153.9    5.1    4.0    5.0    7.0    7.0    6.1   14.6
2024  9 21 265 12.00  998.0   32.7  242.8  4.847E+03  1.440E-01  2.147E-04 3.107E-18  937.2   937  4.233E+05  3.633E-09  5.936E+04  1.293E+02  153.9  153.9    5.1    4.0    5.0    7.0    7.0    6.1   14.6
2024  9 21 265 12.00  999.0   32.7  242.8  4.775E+03  1.403E-01  2.084E-04 3.094E-18  937.2   937  4.217E+05  3.499E-09  5.930E+04  1.276E+02  153.9  153.9    5.1    4.0    5.0    7.0    7.0    6.1   14.6
2024  9 21 265 12.00 1000.0   32.7  242.8  4.704E+03  1.367E-01  2.022E-04 3.081E-18  937.2   937  4.202E+05  3.371E-09  5.925E+04  1.260E+02  153.9  153.9    5.1    4.0    5.0    7.0    7.0    6.1   14.6